100
340005849
399642965
728329622
718710302
1927146133
1871504144
16722200
2053678217
218154618
1788382289
1483762352
1018007362
1295221434
889099243
1021646015
2088185026
1605655277
528629020
1817658296
1172700712
784733190
1805301779
1585521976
976513423
516045691
65552684
641906112
494267143
1950905543
106309308
853182945
143427744
505952274
1581512567
862138046
285614759
1305533063
878860246
191809328
1523687682
519758888
1675571681
394211396
1814980322
417187276
1415857411
1755681700
2022842553
1944486431
1425856349
1048059618
581735973
1083674480
486097946
1558249397
1599720171
551650630
52671861
2093987314
355072525
158981170
799686611
498500269
664933444
233715530
1360638315
950548203
1539248594
92014914
1142357531
915452628
611773802
670445564
1309664024
279270476
1087632840
578037787
2034952177
962991746
375040570
1313324878
2011051364
956776544
249515710
349665662
367542293
1849235881
901316292
420214154
1795739547
1256388818
579195324
447942511
1754889087
1244128768
681658041
968043755
47193323
73422987
1060058669
