1000
2090571868
1165177988
206865600
909908725
1403354770
162201190
806128515
156933244
1967594587
2042802087
1898784860
1208515421
1588224807
1961905466
712411453
1544666038
466228180
1688285306
1148696503
308264404
1639173739
1379462905
1328260367
1146536567
276087414
362829437
1756921754
2095778736
437399088
1187468379
1372594203
380487308
205162720
1579459803
1290396034
1608517490
1741660994
2096524549
1765450734
1561771933
1991842988
1516751946
622803707
1432584147
1331173765
1335215160
829766537
1797401945
876016818
1978463040
2105666349
367706909
1210442298
1286443068
1514243477
1486529712
1649272505
1123681583
1434824801
2086671593
163666314
659935356
319675254
368829034
91911511
1610071288
1977346524
1833572505
1559112189
1595313611
1247860791
1403471530
964581909
1870664498
688572029
148272026
1058396010
1518338567
1945673971
1934412829
1349317959
1903856672
154636090
412276609
1042816092
1668879567
1898806322
544604949
645077502
1186147475
483792895
808743817
1846082831
803468149
1177572851
1937994342
266055789
1007435728
1624083200
1825167978
455265691
724460343
1081155860
1419847600
447641193
1769727890
1568119627
1506037203
1140582809
1366309950
1292966384
342417120
1122682975
1447602475
754693730
18015419
968998394
506016404
562620369
1614075897
1692163879
1046413264
275336066
1390763062
1849881413
1452908917
1181273756
2115937202
312860997
657873308
1793621532
768126688
1382333651
727293745
40490641
1829974844
349537987
1608610268
1188528400
1490120796
827436570
334011136
1832537916
1950119545
1781613611
439747998
1968134965
603128358
945764402
383271686
69720607
490444633
1429684950
345056673
1881207695
1132082715
1797965590
914997804
1100536269
2110826588
1572871112
746674153
731469628
807721116
1473967898
771960269
490212312
1823505885
233086889
1678740712
1166143033
1060523460
2012751849
851197302
863159357
1646881812
1290945300
683810674
102526522
89226055
1067082360
172247129
579670688
349283662
517303802
313394736
1481366377
167785745
1228392540
434418998
131128685
653780004
1181093152
862598313
1461501120
507577402
1634558583
1951713433
183599640
1867645472
1482970497
1349742673
780685284
1348238698
53456327
1643844642
847636863
1344401628
180171668
950163385
1433627683
1247254029
1122410515
2013298371
1596537691
1639714317
179209459
930420421
1807500062
1407601999
1364839419
1938628747
2061382004
398448923
653743413
1375399476
906026326
140818348
1179629261
1089625966
2008463820
515116111
291884991
641665457
1863354809
345341319
138026451
563508024
1689742947
318198119
1513671410
975886982
1565452148
488598277
841701705
1014506192
2128312594
1020911165
1944926613
1788329009
281029516
1162282384
1579474108
194927872
1560731308
85733873
1570327349
319273986
226552221
602472962
1408899952
87532394
1117589073
1700784943
729197851
833460235
2046126262
867224302
1396968259
1588385561
1185422421
763156021
416788895
603390922
1251754298
1258490601
1617897114
1232583245
131918118
1415340079
873428606
412947634
430138815
305419066
607875507
1990870123
391152940
30719208
162660461
617705161
633192170
1571560413
705237555
1750781244
1124861709
1434435406
436757831
1023504323
154176060
1833726090
464406237
1339598482
449398464
881195132
1942989404
1701152762
2139685733
1413402870
786252359
124120203
681259301
1659680965
537067838
1111398116
1965100032
1144943345
954784592
208769324
1175662553
1117445053
826474485
1808854723
541521819
1531712041
1412152319
1666383528
818663799
1848910150
542404203
972839860
1535152593
1006810440
164954694
1984551057
1888005573
2107944098
1538220171
1880207658
1373863320
176988883
2004327862
2055122621
1836669848
393912052
1019037089
1654286232
1538855397
1973821681
1863055556
567034302
943783087
542046394
228405377
1485304906
2073758435
1640557697
1004204786
744938586
1341984199
1546608989
1717778446
729653144
405935782
1882733140
566720553
146457707
1843193590
2104940725
2026665365
1069573262
134445960
1883509579
977212235
1971115808
129937983
1996249325
1477918393
1668793380
1822587358
1193490301
88344034
618886797
1735536695
316749412
2104191703
1661811482
1957307109
960912841
259266421
1151807660
360038183
1977044867
1881460805
765973965
1712294360
300697710
912431672
1408004302
258154787
791613389
330093917
392600747
527639321
1307306152
216232908
657577304
1156071829
1694151301
178887037
831175540
740157954
267231071
1450062337
328211002
583980483
1406770393
1990022484
393803944
220199586
101805257
1545611605
580237769
2078850125
1279588762
1346211734
1643660837
1580286472
111159758
904181491
1838441260
902773148
1234275408
83558359
1430412469
394097913
299791267
2087989773
1550169742
1993942568
119393162
233861634
586616875
386624234
1683923972
914827877
970604717
943210717
757366713
1364408662
1163410303
859171971
762536619
1743648073
790538448
2042125381
942376159
286715637
1474928205
1053535918
1190897128
1165885817
1956309066
277688889
1249444177
1239237887
671786802
1549235444
1179744012
74472896
1395694365
1299137175
308334531
1982311240
1685761409
1992258503
749655469
508882478
787985572
1507022182
1873291140
1951395875
218710505
488344111
1547560300
1009248953
382985844
342452812
1295964590
1857914050
1395988730
339378071
876316219
1204814148
617066960
2125760396
296568387
1288853762
1527512193
1476312399
1363326658
775722910
627965926
1671661189
610550502
166243687
1516436044
1360205971
675126166
156937968
719744505
400933658
2108333844
938455011
889277770
1508410496
1947703964
1272263614
1850863308
1096184907
982694016
1099368390
1435562978
1859010236
156698890
2052629938
1837286984
453267277
1194000052
1217315529
1929579677
409843062
1993038439
410061955
2081504252
456105293
576305643
1450456648
1816311264
1251431809
1607394617
388572122
1652365467
1568244813
1327027133
394159589
929171661
1127247449
1666423204
632551322
75948708
501633572
1731919712
1511511686
213160160
1888618603
1416657976
2050447145
194402232
463174380
1120279026
2123981909
873017443
965833818
386560217
807038047
1421939111
962865860
110011047
1090766728
66814021
1717405664
1479338850
1719179488
1138166829
658882335
2113339078
2067338491
1786129784
1632278634
552406165
1862078493
2133912206
136842229
1226106531
199588719
2025460832
495280860
102552216
72379417
958455240
1222831242
48877678
1831472683
41181412
435437895
491027082
1463120524
1398303755
601038130
406403604
1465117776
170960146
1885742454
1036813617
1309126976
397141141
1002669047
1228981819
35787277
487464033
1781387984
1897865770
473892591
1918230213
976488654
673481310
1796207398
1471769514
776033526
1868586815
282741106
1998864769
1917464493
2114213790
2040046181
205418741
457757224
1355683057
1603722496
1058795354
1762086661
921356625
1229755501
1500345467
1958170242
391398829
1897486608
813355641
1620380648
1933273886
1300819674
1254284984
1683656008
1774712265
1025031549
512661014
300709928
673755299
1984430528
1076743454
394858466
119687987
928124575
164839312
86418129
820687109
370258053
544175353
28886518
1973980549
1602970708
1790973180
747853526
685242561
1143834999
558540120
1076641390
893837960
1371895761
549538390
679628198
525231787
1803823374
215800558
152460405
681371275
728461573
453170333
1355126575
565408453
1529913787
1749985041
685096440
310554715
1914824353
771514569
1131241824
137598758
1315689923
1160128342
2111579308
771176983
803617874
711949186
1456419544
1947452874
1270489307
385577286
693807186
494901420
935115676
1373435384
1020133208
591455402
1589235942
1172593613
1272826677
170213867
1625763946
480469604
735622321
1008194085
82970998
1420718761
1318748800
1997795351
44749683
302506976
2135394110
1360439606
1462635319
2099489770
2131616589
118769545
663955308
1440552485
2066222419
1934444615
1826129771
612545957
281862388
613761799
1985981341
1301995596
1205217201
1427733636
327105561
330560230
1597947503
1952869507
811029835
186086176
813579944
894000833
1606804938
2132328745
744312536
1651554621
287352073
732222998
864510579
1749987392
684229120
848643520
1868756938
1348184429
141712357
1787495709
1135145396
1967842128
252558019
1417007784
434120279
91055712
571519732
1639337480
1518789348
898625293
1969897710
969253204
704011152
633443897
1155339380
1517591097
1527444730
614660670
1502436194
124273619
118731643
1789788267
856496617
983242222
1392292012
1540725738
1831885742
1113565302
741426519
1973598099
753577363
1876571915
1793956579
1006135382
1146096052
80593210
1097191095
1717615784
1719930690
468496795
468757430
1542344753
1437749999
1172768582
28305002
445605732
542876031
1555749733
1060266402
2045312225
1680023352
1178998046
1687616845
389036321
14756620
932425209
1929762059
1846642363
2045990511
523704930
1672756814
652084226
252793198
1319229746
1658219609
1398889250
1399822956
607927056
969021386
972269999
1076423851
1437778816
367131104
366690203
463063751
395436106
812295935
1005939782
1951185839
1872562337
903768360
1483725543
904076735
443901557
1872761865
918833356
1376326766
1655040276
617992071
1274833629
31261559
143265237
1926917855
284054757
1462494983
1437653816
1682944007
714834292
2045580872
504481745
1687104291
974521076
1942260562
2054235395
1341211279
257840665
302187853
6023566
1263780447
105890045
1878585903
20065159
1589615588
635178991
463966716
1314893805
1554012347
1840293482
822450434
24520770
967643463
853711993
167786007
747077671
1137766750
1630280991
37247839
673227109
197631635
2082828712
1177708854
1884735926
909866140
972485768
1791487673
103593771
1230326433
2093675526
109617337
346623233
52081923
1988203240
366688392
1641697512
475898583
830655109
809107669
2029910930
523464943
1631558103
2054431700
1491108407
337786448
74734060
90702430
1475553198
1705015051
127950269
1296659
1902646686
63295333
1179005514
1639898964
973161473
4007634
1283902989
1076755244
1234334068
1230094867
1186372581
1580957301
1282176791
1027092174
1947645693
776390655
1502990757
630817154
1585498324
1385418040
1154282098
1069572780
1292366092
497906857
1407359228
1367100152
588609287
735428779
924631555
716559556
736725438
679794593
779854890
1915730952
172209909
1753016363
1919738587
1456112898
682287960
1006589007
538724118
1868660541
440062660
1820900909
748269067
240224705
449807916
103776177
871041860
2035306240
1489194217
2025323958
957395372
634076661
375747167
217270953
2001176814
964356454
952699732
778324721
1680916010
1689425170
1458119315
313287252
1457672475
1630329224
2066303616
1229927414
938958475
601107928
89032773
1477682593
322284821
529095433
1151099854
1070553889
769320138
1600907770
1174330066
1640361998
1488730362
516040635
1518202308
