100
34817510
55820239
1489074157
304856868
1561447295
2141746996
720693520
2067880110
708389460
938862514
1909333543
913050492
1361489753
1228870889
1983281539
348878069
2014396998
1986901553
1759964807
1265455163
508513225
1691530248
1031520883
1719704077
945407885
2015216777
751474204
109319614
1854424790
1828046640
1109958699
1889242301
1883866879
451549208
46615521
1297830526
445812556
767309041
1218226989
1154202016
1706171555
980076884
2067252508
920177660
61464125
1903050400
1269055729
2075861124
1742468305
881536889
1193832639
103497882
425583489
77869875
1823201959
1370991374
2093086652
427192515
1480310989
1800027795
107755507
442786040
1541786448
1991622386
894335248
1588401969
1141969265
1340147804
208227362
212712606
346866172
1914398917
1192789490
266635032
687092929
1254253615
22201784
1956148658
1182631091
1764670089
690201899
228980083
1868167971
1115785388
306849958
1543886282
339293115
252452962
1971078798
1819604104
2052480757
2078834305
114906496
1446783557
1922973044
1009241744
887701878
917458661
201905900
1095929240
