1000
186794194
558444739
1278776097
1282123211
1123351091
1401796238
885504792
731931822
510956450
394286773
878449507
1934522621
706013246
1541068008
829798479
65127758
2085520231
437691799
828948071
131034034
938449003
1470011243
1229505176
846388923
1309850470
766897851
2051884838
1319364229
254127684
1642047797
723924528
440921879
53008889
2002700626
1723045090
1176359980
1257013216
461066234
1908291803
1767969666
855353008
639257662
1555008639
1561366254
32842022
237323470
1626494012
2118362254
675015270
307958435
101912640
1613464273
1777969679
1331417816
312369548
940336501
2098315667
216770739
112217082
204959704
1858818536
836141611
645881583
1911827425
691358589
221443025
940703758
1948371805
682509259
701511913
1568857823
1537862267
1340769575
976382814
951744874
1373611597
1213706284
430755238
1344490203
1888721554
738713674
1446402844
1354702179
369199705
630337012
1667071728
1309536206
581169032
1883842467
1421753288
786128736
1595177355
110411251
1432010319
1359521133
801769840
1653453344
152741243
602657997
188478955
854253156
24032172
1726341223
47539083
1000414986
530602449
1421150680
66637623
961357687
618157236
1955359177
1700071361
2064560080
1162577709
2069271066
547413444
682165789
1231323624
1128582476
418524608
505593265
1914711212
2013701963
616004516
1199237883
1225739448
1417774357
705207579
1378480691
2020432354
893686535
85250199
2044464527
472544110
132789282
897395865
1003146559
1553939963
964033488
1964504246
24613551
771909018
1517091960
2089173631
1934486727
1438879378
489103427
469168868
522719355
1617685904
887693476
1028312620
1384913468
753911791
1644317136
436667704
1979651240
914607845
1141875283
1210648283
787556552
2035561818
1295898483
684537431
360622280
1428687765
1581933296
1363768839
835144080
398483137
1180789438
859757631
1170392155
550397750
801447614
957395234
1989277128
1290551042
1426564102
364512835
760753298
166773930
1392825455
2145666766
920685721
889658944
434850822
752853313
1804266789
1576726106
1963501597
444339693
1464804276
1111916432
1128877124
1825426557
393120549
563326773
1041711748
1228264630
961809910
75017538
2088022261
2132202065
625415288
741986228
942113651
467208769
2032537270
221194105
831721604
645806920
387968035
77063412
643990038
1308653756
966722356
1078840861
2061507070
623505497
508083319
1877525019
1067845191
1972887595
841957803
49238667
1650830504
1235078352
612565440
545058605
315859334
1574375350
620076143
256397948
1559093767
1245491432
998384176
353723770
1712700201
883437798
574917875
396938157
1529244718
962885910
474001569
25751108
124056019
1440723925
1104591969
38079441
2064229423
1612675288
1915604460
984590966
1438079236
610078615
1033829633
941426092
1845156967
1646395074
1486484697
13532654
1073286776
2106560841
269930602
484896896
1204568625
1268314778
838620666
769785178
4268928
1413538542
1166723335
1533513646
228940804
1640724905
1559264754
352996823
933965182
516373076
391076264
850710957
2129048364
159197076
1835301923
1419643952
769275691
721647909
213586397
466949011
220559335
1700071094
480481665
1293846111
1659148287
750412267
1778743007
716233264
2018727045
469880026
1486018442
2022995973
1883418568
505258130
1409025971
2112359372
2145983035
820807077
317872548
932464569
1337180153
708948812
1783175527
1318744870
868145889
1470993802
590905174
1637421580
45158063
804491571
2104370591
265717398
357079018
437368608
1559563510
2016227305
1187780875
1190822869
584976922
1059024272
1660702895
2070995364
934536597
1396637815
428769846
196078920
1361513540
427269233
1016885998
1679386088
1359733803
206582503
240851252
995425682
1525327373
1108997141
318935836
2116232548
598935074
364093900
773240471
555822017
629811298
1130319489
993190626
41891160
999063147
33487853
1232714030
1584040069
1092512126
745933277
1507551785
2027048723
2142571093
1936321632
75643996
1356600985
216107217
1092529994
888503425
1575841020
1299112497
1129354677
423783054
676956223
90868171
742718891
645705123
689803245
1106812791
1418945594
1245625262
1736624089
401781436
91332240
1778515250
1400844583
124820094
863745632
837401004
1217332220
1609678909
197469141
1096897295
1604766354
2133790773
1172541291
813883691
202414343
117587637
1702387116
1778255363
1416700135
684258146
54554770
2093656358
775126317
797273661
591877833
1464929562
1904086452
2010823427
563071176
1493226893
265121215
654403417
1124258495
1665965798
779223511
1988004127
355883154
1996555731
1450199389
553352296
945969378
907482095
539659421
2118510670
1721365787
742073764
88614659
1276269255
372845480
1505314794
1960527401
427400250
1451487504
588170070
1224673911
2043365337
2053099632
981276715
1906705117
468687161
327019960
24342684
1123090578
1451278456
1690308483
1902314089
1291798935
2046191637
1751386172
594514676
452060285
549871902
1501996772
991719707
520898924
1075878911
1733793471
609513584
204664518
2106638951
2114828378
17708272
386555553
1418832235
605878342
1611229464
1314713924
511494327
445022531
1073935393
980181488
772042492
1098278078
2103272066
75837300
641102913
1858102507
1367636235
539810902
1462005031
1962150912
991871188
2011876933
1316664036
1983590895
385292210
245059299
1569900718
994805794
449723817
1529056022
962150524
467432089
1915611575
233499111
1073310432
1379357392
1548213036
1584804759
1824379923
474664781
417502599
448938767
1572942859
373291017
524776067
66562124
83909876
1892412303
606373027
1545914907
1707079567
1598244215
1410308192
876259955
1434351462
1795600402
1121319254
856768532
642922548
1571043071
238340906
1605073073
2038475161
6468834
1838572184
964301945
1385826226
1239301572
401623056
1062722501
1713966354
819125655
1511661269
1139425565
1192416672
2036437336
1205987690
1276326548
1781365991
1812360717
674757807
1340961910
1263121284
2085065999
69738217
549989098
1733182754
1191057471
1406757630
228621654
614616895
1645098537
1833694727
505608408
1651567371
1524783264
1469910353
889909949
616601188
1871533409
1952632450
183083894
543175416
1316810071
1322509460
1735592088
1205763760
381013502
864434988
839646103
45890571
1539192795
33124366
1309011855
1476775146
102862583
1859000953
1062474252
1293920055
1118274935
1291095907
1908536950
615889824
977306986
266661710
119973547
354606602
1736572063
1009883496
971207791
1460621824
815032299
1154291685
2003797240
2131842370
329317497
1591905680
1190122482
710330999
308857020
2029768586
756221570
1848049815
2062892952
2065233425
1177341313
18271887
1776750730
92331918
1312191942
747542018
1383427825
1073245244
1363431842
213251163
1339906954
1483405390
567857766
928995369
345805238
1539065557
242133545
1160837537
545873594
98447137
1145196260
875191092
1690352817
187835094
1585522091
1999209837
70120032
194260014
1699776004
2133012984
112009791
729633670
3801224
1888760522
821965588
1315993166
488818892
57909765
241754763
1852250734
271160928
1581661717
1188172476
839018694
363173439
1533977715
230600603
605306984
547331604
776474198
703754122
1692527864
1651665290
246623291
1880362959
1089703733
98349481
1950482991
1283963747
1798125485
1936012328
1395973539
380275507
1939813552
1137250413
1202241095
1108323070
1626069305
1260150860
1350077833
1330836391
1531311789
784255903
371525220
222846835
1147429342
1905502935
453447439
1752736326
305350891
1229921637
309006800
1997878756
734103279
555630092
1730758067
1823807012
653979573
1533757410
960287112
304621410
1322286090
208777003
684896918
1114615994
1346027416
1887138013
75455417
824613073
999805226
1425533250
7965816
383633367
62305505
379491036
606480202
1209734847
137510323
1059927641
814987526
442861215
142365630
1123994326
293256323
876468909
1679624418
2024014390
552792274
186120343
1410288152
1513079386
490741754
585090595
1721856389
1175638672
1699706589
920400157
915293037
1775162006
1745013230
1915098263
1053211609
1752979046
151247982
1115517114
2132470083
757728185
177768314
122496758
1817655826
992755840
565357973
1960021457
2116750166
858614296
689006718
1648890937
735145038
1241798992
1835011280
2145433191
607394730
178269386
583040138
181767471
1353908058
135263079
1102167628
121717448
1910425086
699697210
2036815711
816153047
305192609
40580046
1931670161
290179044
798308231
2109438475
412675802
468480409
954710667
978033776
281018218
923977186
1836648072
970024937
425384475
424309463
64340281
112912107
422259006
671735012
291181494
1005299144
853502483
1645089552
1140562223
1955670112
1766807000
903503661
507883674
1656139064
1719656708
813076283
1696719110
1503843222
1103255327
347543693
1465798049
1515931130
816024102
273025069
346481258
1097042321
1197002255
35645682
2067067258
1622386730
459955145
2131407539
1735298837
882214151
655658903
2026480331
1887513295
1509161387
1524086236
880591871
1317347851
1143409588
1784095532
1825231525
652065004
1356268593
490824161
201300466
712628167
1594079488
548844159
30942568
962526970
1364868262
303967637
1309008228
314426935
1500969892
1344653911
234010545
975872974
1804609056
217934436
563688164
539339560
873593340
442684847
279369207
235271079
1966771083
1159961078
1552618930
962697024
796572963
1230366807
1614762028
5357908
1721190968
1816062495
717986075
1167786809
217423006
748928643
2130313779
1582291268
1052896281
1291838360
1896718203
406382525
489008623
2130728748
1382255500
146134031
201179537
1945943664
685473591
1074772877
241144863
964842799
1310043956
60432299
2124803877
715179238
1023129323
773893192
1945546045
490407703
779251100
1519253366
158986550
1497237175
539556527
376409557
98682171
522386658
1958700825
1151578452
1814225018
1707935381
1557960977
155749993
1691180481
792732829
301884025
1892360018
591192845
987357616
819649247
832337709
1952200415
2129693203
892770008
1929520645
697388793
1915899331
555930189
495451191
258823386
1335181290
2014704557
417809937
684934817
406777436
794219494
783616988
929164094
605436671
1935195440
595905465
165888404
1345672770
751655458
1857068886
2138405599
1053539483
1601945256
582114797
2040897100
274110856
1414452506
1845613867
256320411
159738866
1627650864
953709205
2075638197
36097406
1449160396
186977935
1371278696
1316381305
604787872
2056213513
1723158741
1399007366
692346854
504839187
2004444038
480058646
1100744652
22848794
1825731416
1852400111
1879917680
1816653368
758455946
1334379289
251284517
651869398
1608490145
1665737023
349999618
1864810556
1825475889
1977650482
671036113
1753630438
2013747888
2120196509
1940608373
1237542936
1289094166
397912598
1146272802
864769259
1796919964
1838619656
1369608447
1653880354
171194654
