1000
1087524006
1975523990
778133687
601624015
1593347878
1661516487
573365328
65676897
486619269
140790778
732678727
1394921666
1322728602
332953565
760903187
1477686515
1957004844
1726129490
1370182769
1513493160
894145036
1977103207
1701098236
1043833400
639389508
588082137
1475430968
1571348732
940559192
781695983
2037427760
2028083198
609736326
668077799
482223565
55600556
182110638
1055588894
121277453
668729907
1196379672
853956181
2063651574
371624627
1186909746
677071113
1849311142
996430942
255716955
1072010263
362440454
1149861991
901629823
2063538690
46211743
1541019331
504137180
1521642712
964884416
1444696372
155855047
854828528
1325295922
765591373
1522906328
1807519488
821191929
1705016966
715624734
942469383
226263226
1912004406
1796425564
142431152
136145385
835851662
819502265
1985456528
1832282605
1075219221
909983143
47239411
77597564
1811612966
2110778102
123809308
1205148650
467431634
1645452020
22549418
1912128006
1801307067
877377946
1089940280
419414793
252800626
749976120
1240606722
1957817593
1465600854
35592457
36597171
1230121613
1832018021
179028323
1366266998
520386036
998530588
1204239878
205184993
2073749809
2114223022
252424404
3863726
1778352340
215718858
127673034
836017342
683150492
1773125054
858566760
447794850
1426948473
1735944707
1537735131
1846363266
1988745333
140227603
939486341
1799079278
1605828458
975078798
1835676449
688466423
659613172
2014704772
2054733421
1179999208
865751713
1111489652
1385184201
792017874
1078229026
1637608605
795881600
709097718
1853327464
923554634
1545115061
388994308
549196040
256198173
836789159
1976144514
1992142880
227040642
1675024132
1833404566
367268245
467026825
1485000196
1973096703
1442105624
1173192998
514079478
2101718796
1040414122
421329252
1134234356
1906165835
1532818904
371934909
550700062
463564282
2009543514
1346581662
1172662000
1715387330
122652649
570293413
2104381639
671848689
826491587
793687150
500509555
671150819
1020727792
28050040
357071737
1387996037
495076865
1842071934
1213609093
1937182489
867781284
1727688571
1891417637
1908195406
1534175
878168345
1666877594
1534353079
1250103254
70094008
1997917361
1112163121
1416675670
1023095714
680066803
1539328319
1593389127
636964794
63693361
272397066
1430651944
564202916
943547886
303896088
592252956
1300619623
1691892126
1087329822
995207909
758017571
877028663
1862989193
338222494
620962653
1623700952
339756670
1499130998
1143094898
1874109749
601750605
1213188906
1724543463
1713913726
482380928
600155529
246496881
2021709248
46061008
883461676
2085402609
318458075
166629972
502121877
1262005961
470526061
1094374834
415141936
14934539
34221008
1410349846
772952110
911249671
1125855391
1111174604
1532212324
602072695
1450931274
883859675
1745167593
1177557376
1485610280
810872851
754617191
1052040358
1293253780
1354772720
1298537239
1167479380
1400833728
34515267
1105398341
1719291803
201145240
1607520218
833814116
671671301
554411404
1248956053
686605840
588632412
511822251
1459557950
1499882084
1637677642
423248906
884610760
92266690
1874180181
1768470435
1837434283
904253909
1106597067
500823487
1658871100
11153777
1794077267
866160172
1309691017
814072999
119510252
1344206284
1919471340
1838802056
1545351524
1379507910
525132524
69539177
1933919315
1774088577
756145017
375068079
138427180
68219319
1874950163
1776104823
491468226
612077276
1868371513
218164759
233064063
1558322148
1122418668
1339661131
2059145635
633806120
1350814908
1705739254
1499966292
513022277
372328605
1619476544
1857228562
144316297
1310794952
1255096438
1523824208
1835927477
1324635616
1310259875
1462532406
2080780633
1685327954
1600959587
1516305
1412794470
1229580762
492984531
2024871746
950468627
711149290
110452161
361307127
1833567958
1450113292
272969115
319890430
653444553
1978708369
1819856722
1166466830
203553327
1291849618
876211744
347869624
455160923
2131308183
1871693832
143604752
1308460151
1034470059
1606137158
1241757136
572314366
1059613097
1243273441
1985108836
141710211
1736257972
1862496934
1092178838
299923614
1972949095
1453485966
2133491572
1275578740
1726455081
305898354
1929023293
1557679802
2125755076
948006475
1761233129
1270121047
1824218220
2109102754
1725281970
1808042755
1833312938
1868886722
969019258
720299350
1327540232
63292746
1292613716
239669682
1306566188
1130238904
381379893
895340512
845252190
1473558732
1195264127
670717637
779561050
1181272051
1946296377
358532483
1487170406
1727836022
1916212285
1465441834
528358850
1529961767
588079233
205093422
1491580873
165877555
2013136177
1177410163
2034764277
834671787
1897709513
1214820862
897964533
1042839581
1454490544
57047073
25594837
1835870437
952387586
870847027
1161945521
168065
1541564665
1941506571
1181440116
1340377394
152555406
521126874
920729769
2068767692
1986568709
1449088619
1451245811
427164294
1654182041
795343036
593041850
1519834570
1972753199
480322479
207022709
1722979065
1695143341
1104987242
618334998
1002150237
1162034316
643929836
690537027
2114421902
1514776863
1852482548
2114589967
908857880
1646505472
1148546435
101751627
1799060878
1669673310
1022481396
1720344922
1508758371
324086367
1024107085
1935922665
1978268408
1819450121
381480867
1350619330
1644719673
861803347
1557642039
1220215090
409463040
515145633
1838550088
1411613278
1677179949
334996276
2102150305
1644118203
1849773140
1807149205
1611224522
611147372
1306171029
612287310
712898999
957748260
134476972
1735380395
530609534
1643235343
2059466762
1554716620
1431674360
1890251522
1226683093
1813155228
1093387204
723919118
527474927
503545595
1944134208
936937967
1018691229
1635200649
201067597
548387530
1970196925
155734254
45022086
1672486417
1962883460
1656246608
136150142
1121570841
121050270
849049141
2079319101
255527242
436945889
462444988
1898762585
348929003
2017161608
1182953298
91696878
1096361053
848624878
1185084082
1820280172
1376099805
1688629678
1616930732
165554124
559837259
1104647733
366621722
1108224789
927361011
522355976
1153246875
452363780
337755788
662009836
588513922
1459326630
783060106
1437563064
1391162083
1038587349
1874508953
1853607071
789866286
75954308
1723285031
1972819584
167651186
672162437
673960814
1352735269
344958961
2050060619
893881299
1961889693
68131096
1453718558
919053779
434752818
414459699
1846414790
957108794
1567706575
151294922
1294864583
82232763
739808845
606707565
865292869
29888261
1997869648
1903880218
1904397214
1703993072
546262857
1980351522
1279794455
371598793
519061
1951956892
1045559608
1353254330
149432205
948136579
99651981
2111321899
1016267675
1553370539
882892030
1451020493
1967830238
581823172
260645640
1388053165
733118094
1555510223
1470285928
1472926939
14734140
188095150
1502815200
2012603788
2091975368
1259728766
1569113212
490754577
1092596641
701424020
862353371
1093115702
505897264
1907912979
298886384
655329470
708565910
398538365
619167721
1724833586
1951908904
1502059751
1028370431
1772255494
2083882923
1289016071
1012825012
669517369
697042646
335627292
2142444309
711776786
523722442
1497775861
576896927
468214163
610020980
2146010139
958968740
1702617621
699950511
1821322111
648249675
1205847776
1581751442
947136059
1861177246
142833705
1345674424
332861319
1867667291
1150099680
1834921070
748554074
774871526
1771320345
2037570146
1787696538
293354066
587129144
2123323831
288314727
1298905931
499562625
1786090589
1875802858
967776788
248627921
1874329349
1926745529
1951245542
426796213
1600583992
452011569
1632643989
1034851787
1399147628
1346337587
1177685492
597338404
1679198906
897869135
1747438084
1366636328
1646423209
374825962
990473025
1536509707
15038853
1283827091
2123638852
2138362684
1572141819
1275061135
490441661
1210748760
1003380345
1458218450
1459376681
730226046
1237480331
1263138575
1157022259
690580675
1715150144
642182600
1725432462
966814124
1988520187
755634306
1564152528
1520235445
1653503441
1164106964
739388125
1152443003
1538932926
1729861150
541469062
1553971779
866204594
517624266
1544850815
290862765
1792685401
2035292477
1501611525
648582098
1346027279
813504558
1378808145
436023962
2076643133
388346756
1126604637
1644309629
1030529357
704553452
463640105
871565896
1460187758
2027792633
244317694
966207552
1044415949
983705819
2118650555
435865227
566083322
512635969
1989837007
1432287916
1030260236
1387204174
1723150681
675461989
1275013003
1077278558
1324044088
473556634
1890783116
555368585
909580596
1819942601
943715341
2036185234
1316768582
1974244698
593255038
1780408687
698326947
2053442796
1660717672
942644641
872166700
557649973
1926350460
843333607
993515200
344950134
1355969577
835868559
1777238050
238746165
75589086
1352905083
914208154
1350602089
282699993
90768594
1824158724
25999461
646137179
586255672
1845942062
1589852521
474957258
1015226996
1416613571
1068212296
648152035
2114940518
974171445
161386059
910101511
1846338145
719036032
688968324
542188105
1712551233
1033918458
1898157682
400936144
663672861
2136903847
476525230
2016577944
903628353
1827127320
151794290
994396948
1503802396
177793751
1640534127
2090058068
2023735814
1082903000
417531679
891479162
352032924
1485743975
1539631198
319489794
312431772
1701017257
1229591306
11286270
272569642
1918559630
553474375
1985120875
804994440
304148409
238573371
1468667301
293568608
715098602
1337761598
1197196961
394742274
1489555888
44110261
1898544670
1667349639
1684644389
1841119090
1543601805
620063741
111167121
287597320
972096665
1596911097
1827228518
1291586460
1909342869
1380762127
373694118
1920629139
1653331769
144770100
326619866
1490968996
949764540
630768275
1729542368
270948194
924336883
297157322
1608709792
2121533845
691899596
950782032
18160458
442960618
470648023
1702804847
136596060
2014249829
175384941
247763182
154363501
1147481606
1844674279
1981592019
291584418
1606533500
1214870498
665278536
1379678992
720718620
810048636
1706298858
64203968
1759813177
189583486
1793746336
2030761371
1113920369
2090903658
1491987515
1087970566
635319606
295285899
1106131025
1078280224
765933922
661452224
1214876285
632700103
836837165
1462639467
787063604
1984318772
1159830098
621171975
128419542
618879950
1836042474
793698079
1998558942
409277446
1603746715
1557374153
473481414
1216076244
1746957639
119744103
1099353967
713394360
63164113
443857834
1801364927
698483720
739143733
760012304
1776763944
1505077656
1421464528
844156581
2137777759
110818046
159312400
777357716
2095136818
1319142498
1398529691
76072712
1938022449
1087088517
869770791
1789097743
1496365963
326033859
1198988248
1969847378
1542110103
