100
1840976446
2015898071
1172669858
1849057278
1363052610
2035573082
1294609351
1625803107
842088898
1202572002
602906140
1451304141
1526962225
731361384
861753542
931459994
682206985
1532220470
2109727248
1567020556
1022127345
212963389
153176164
1613375697
1984639618
847023351
898210605
134663257
815759122
2079481860
550597173
509251920
1947896283
1723267031
210825551
1163465245
1611356466
1505434902
641784704
305961716
560523256
1244690845
1757265857
2087485481
1976052229
471535752
871461827
510775566
2003756222
833705428
2077796122
878399920
1046668817
83488639
344291969
883824788
930511990
1242502575
1018488045
1746271113
1174500787
1569085218
108039385
974913422
1144868602
318864936
2138378667
608741420
1824299838
632679724
914703136
237339447
1877370569
524485345
177341280
1705939150
996021097
1048803108
69231068
852293672
1882508536
2147027191
1730693592
781693705
83032182
2074985561
1665518493
1013544172
1170004488
536522890
612331637
197021627
2105608109
720371023
1171935049
1102993063
1039235959
1162830069
1711734483
716052150
