1000
1296659
4007634
6023566
14756620
18015419
20065159
24520770
28305002
28886518
30719208
31261559
35787277
37247839
40490641
41181412
44749683
48877678
52081923
53456327
63295333
66814021
69720607
72379417
74472896
74734060
75948708
80593210
82970998
83558359
85733873
86418129
87532394
88344034
89032773
89226055
90702430
91055712
91911511
101805257
102526522
102552216
103593771
103776177
105890045
109617337
110011047
111159758
118731643
118769545
119393162
119687987
124120203
124273619
127950269
129937983
131128685
131918118
134445960
136842229
137598758
138026451
140818348
141712357
143265237
146457707
148272026
152460405
154176060
154636090
156698890
156933244
156937968
162201190
162660461
163666314
164839312
164954694
166243687
167785745
167786007
170213867
170960146
172209909
172247129
176988883
178887037
179209459
180171668
183599640
186086176
194402232
194927872
197631635
199588719
205162720
205418741
206865600
208769324
213160160
215800558
216232908
217270953
218710505
220199586
226552221
228405377
233086889
233861634
240224705
252558019
252793198
257840665
258154787
259266421
266055789
267231071
275336066
276087414
277688889
281029516
281862388
282741106
284054757
286715637
287352073
291884991
296568387
299791267
300697710
300709928
302187853
302506976
305419066
308264404
308334531
310554715
312860997
313287252
313394736
316749412
318198119
319273986
319675254
322284821
327105561
328211002
330093917
330560230
334011136
337786448
339378071
342417120
342452812
345056673
345341319
346623233
349283662
349537987
360038183
362829437
366688392
366690203
367131104
367706909
368829034
370258053
375747167
380487308
382985844
383271686
385577286
386560217
386624234
388572122
389036321
391152940
391398829
392600747
393803944
393912052
394097913
394159589
394858466
395436106
397141141
398448923
400933658
405935782
406403604
409843062
410061955
412276609
412947634
416788895
430138815
434120279
434418998
435437895
436757831
437399088
439747998
440062660
443901557
445605732
447641193
449398464
449807916
453170333
453267277
455265691
456105293
457757224
463063751
463174380
463966716
464406237
466228180
468496795
468757430
473892591
475898583
480469604
483792895
487464033
488344111
488598277
490212312
490444633
491027082
494901420
495280860
497906857
501633572
504481745
506016404
507577402
508882478
512661014
515116111
516040635
517303802
523464943
523704930
525231787
527639321
529095433
537067838
538724118
541521819
542046394
542404203
542876031
544175353
544604949
549538390
552406165
558540120
562620369
563508024
565408453
566720553
567034302
571519732
576305643
579670688
580237769
583980483
586616875
588609287
591455402
601038130
601107928
602472962
603128358
603390922
607875507
607927056
610550502
612545957
613761799
614660670
617066960
617705161
617992071
618886797
622803707
627965926
630817154
632551322
633192170
633443897
634076661
635178991
641665457
645077502
652084226
653743413
653780004
657577304
657873308
658882335
659935356
663955308
671786802
673227109
673481310
673755299
675126166
679628198
679794593
681259301
681371275
682287960
683810674
684229120
685096440
685242561
688572029
693807186
704011152
705237555
711949186
712411453
714834292
716559556
719744505
724460343
727293745
728461573
729197851
729653144
731469628
732222998
735428779
735622321
736725438
740157954
741426519
744312536
744938586
746674153
747077671
747853526
748269067
749655469
753577363
754693730
757366713
762536619
763156021
765973965
768126688
769320138
771176983
771514569
771960269
775722910
776033526
776390655
778324721
779854890
780685284
786252359
787985572
790538448
791613389
803468149
803617874
806128515
807038047
807721116
808743817
809107669
811029835
812295935
813355641
813579944
818663799
820687109
822450434
826474485
827436570
829766537
830655109
831175540
833460235
841701705
847636863
848643520
851197302
853711993
856496617
859171971
862598313
863159357
864510579
867224302
871041860
873017443
873428606
876016818
876316219
881195132
889277770
893837960
894000833
898625293
902773148
903768360
904076735
904181491
906026326
909866140
909908725
912431672
914827877
914997804
918833356
921356625
924631555
928124575
929171661
930420421
932425209
935115676
938455011
938958475
942376159
943210717
943783087
945764402
950163385
952699732
954784592
957395372
958455240
960912841
962865860
964356454
964581909
965833818
967643463
968998394
969021386
969253204
970604717
972269999
972485768
972839860
973161473
974521076
975886982
976488654
977212235
982694016
983242222
1002669047
1004204786
1005939782
1006135382
1006589007
1006810440
1007435728
1008194085
1009248953
1014506192
1019037089
1020133208
1020911165
1023504323
1025031549
1027092174
1036813617
1042816092
1046413264
1053535918
1058396010
1058795354
1060266402
1060523460
1067082360
1069572780
1069573262
1070553889
1076423851
1076641390
1076743454
1076755244
1081155860
1089625966
1090766728
1096184907
1097191095
1099368390
1100536269
1111398116
1113565302
1117445053
1117589073
1120279026
1122410515
1122682975
1123681583
1124861709
1127247449
1131241824
1132082715
1135145396
1137766750
1138166829
1140582809
1143834999
1144943345
1146096052
1146536567
1148696503
1151099854
1151807660
1154282098
1155339380
1156071829
1160128342
1162282384
1163410303
1165177988
1165885817
1166143033
1172593613
1172768582
1174330066
1175662553
1177572851
1177708854
1178998046
1179005514
1179629261
1179744012
1181093152
1181273756
1185422421
1186147475
1186372581
1187468379
1188528400
1190897128
1193490301
1194000052
1204814148
1205217201
1208515421
1210442298
1217315529
1222831242
1226106531
1228392540
1228981819
1229755501
1229927414
1230094867
1230326433
1232583245
1234275408
1234334068
1239237887
1247254029
1247860791
1249444177
1251431809
1251754298
1254284984
1258490601
1263780447
1270489307
1272263614
1272826677
1274833629
1279588762
1282176791
1283902989
1286443068
1288853762
1290396034
1290945300
1292366092
1292966384
1295964590
1299137175
1300819674
1301995596
1307306152
1309126976
1314893805
1315689923
1318748800
1319229746
1327027133
1328260367
1331173765
1335215160
1339598482
1341211279
1341984199
1344401628
1346211734
1348184429
1348238698
1349317959
1349742673
1355126575
1355683057
1360205971
1360439606
1363326658
1364408662
1364839419
1366309950
1367100152
1371895761
1372594203
1373435384
1373863320
1375399476
1376326766
1379462905
1382333651
1385418040
1390763062
1392292012
1395694365
1395988730
1396968259
1398303755
1398889250
1399822956
1403354770
1403471530
1406770393
1407359228
1407601999
1408004302
1408899952
1412152319
1413402870
1415340079
1416657976
1417007784
1419847600
1420718761
1421939111
1427733636
1429684950
1430412469
1432584147
1433627683
1434435406
1434824801
1435562978
1437653816
1437749999
1437778816
1440552485
1447602475
1450062337
1450456648
1452908917
1456112898
1456419544
1457672475
1458119315
1461501120
1462494983
1462635319
1463120524
1465117776
1471769514
1473967898
1474928205
1475553198
1476312399
1477682593
1477918393
1479338850
1481366377
1482970497
1483725543
1485304906
1486529712
1488730362
1489194217
1490120796
1491108407
1500345467
1502436194
1502990757
1506037203
1507022182
1508410496
1511511686
1513671410
1514243477
1516436044
1516751946
1517591097
1518202308
1518338567
1518789348
1527444730
1527512193
1529913787
1531712041
1535152593
1538220171
1538855397
1540725738
1542344753
1544666038
1545611605
1546608989
1547560300
1549235444
1550169742
1554012347
1555749733
1559112189
1560731308
1561771933
1565452148
1568119627
1568244813
1570327349
1571560413
1572871112
1579459803
1579474108
1580286472
1580957301
1585498324
1588224807
1588385561
1589235942
1589615588
1595313611
1596537691
1597947503
1600907770
1602970708
1603722496
1606804938
1607394617
1608517490
1608610268
1610071288
1614075897
1617897114
1620380648
1624083200
1625763946
1630280991
1630329224
1631558103
1632278634
1634558583
1639173739
1639337480
1639714317
1639898964
1640361998
1640557697
1641697512
1643660837
1643844642
1646881812
1649272505
1651554621
1652365467
1654286232
1655040276
1658219609
1659680965
1661811482
1666383528
1666423204
1668793380
1668879567
1671661189
1672756814
1678740712
1680023352
1680916010
1682944007
1683656008
1683923972
1685761409
1687104291
1687616845
1688285306
1689425170
1689742947
1692163879
1694151301
1700784943
1701152762
1705015051
1712294360
1717405664
1717615784
1717778446
1719179488
1719930690
1731919712
1735536695
1741660994
1743648073
1749985041
1749987392
1750781244
1753016363
1756921754
1762086661
1765450734
1769727890
1774712265
1781387984
1781613611
1786129784
1787495709
1788329009
1789788267
1790973180
1791487673
1793621532
1793956579
1796207398
1797401945
1797965590
1803823374
1807500062
1808854723
1816311264
1820900909
1822587358
1823505885
1825167978
1826129771
1829974844
1831472683
1831885742
1832537916
1833572505
1833726090
1836669848
1837286984
1838441260
1840293482
1843193590
1846082831
1846642363
1848910150
1849881413
1850863308
1857914050
1859010236
1862078493
1863055556
1863354809
1867645472
1868586815
1868660541
1868756938
1870664498
1872562337
1872761865
1873291140
1876571915
1878585903
1880207658
1881207695
1881460805
1882733140
1883509579
1884735926
1885742454
1888005573
1888618603
1897486608
1897865770
1898784860
1898806322
1902646686
1903856672
1914824353
1915730952
1917464493
1918230213
1919738587
1926917855
1929579677
1929762059
1933273886
1934412829
1934444615
1937994342
1938628747
1942260562
1942989404
1944926613
1945673971
1947452874
1947645693
1947703964
1950119545
1951185839
1951395875
1951713433
1952869507
1956309066
1957307109
1958170242
1961905466
1965100032
1967594587
1967842128
1968134965
1969897710
1971115808
1973598099
1973821681
1973980549
1977044867
1977346524
1978463040
1982311240
1984430528
1984551057
1985981341
1988203240
1990022484
1990870123
1991842988
1992258503
1993038439
1993942568
1996249325
1997795351
1998864769
2001176814
2004327862
2008463820
2012751849
2013298371
2025323958
2025460832
2026665365
2029910930
2035306240
2040046181
2042125381
2042802087
2045312225
2045580872
2045990511
2046126262
2050447145
2052629938
2054235395
2054431700
2055122621
2061382004
2066222419
2066303616
2067338491
2073758435
2078850125
2081504252
2082828712
2086671593
2087989773
2090571868
2093675526
2095778736
2096524549
2099489770
2104191703
2104940725
2105666349
2107944098
2108333844
2110826588
2111579308
2113339078
2114213790
2115937202
2123981909
2125760396
2128312594
2131616589
2132328745
2133912206
2135394110
2139685733
