100
16722200
47193323
52671861
65552684
73422987
92014914
106309308
143427744
158981170
191809328
218154618
233715530
249515710
279270476
285614759
340005849
349665662
355072525
367542293
375040570
394211396
399642965
417187276
420214154
447942511
486097946
494267143
498500269
505952274
516045691
519758888
528629020
551650630
578037787
579195324
581735973
611773802
641906112
664933444
670445564
681658041
718710302
728329622
784733190
799686611
853182945
862138046
878860246
889099243
901316292
915452628
950548203
956776544
962991746
968043755
976513423
1018007362
1021646015
1048059618
1060058669
1083674480
1087632840
1142357531
1172700712
1244128768
1256388818
1295221434
1305533063
1309664024
1313324878
1360638315
1415857411
1425856349
1483762352
1523687682
1539248594
1558249397
1581512567
1585521976
1599720171
1605655277
1675571681
1754889087
1755681700
1788382289
1795739547
1805301779
1814980322
1817658296
1849235881
1871504144
1927146133
1944486431
1950905543
2011051364
2022842553
2034952177
2053678217
2088185026
2093987314
