100
1514746202
1978631278
2057410896
301313836
1300669312
540123716
190092400
200978920
436867609
1183501753
880123137
151307885
18237454
314134110
273124233
1115329978
638769919
2103490889
370830258
1548403779
1554441807
871681598
1897252765
1551677284
1276813342
1103010736
1592290381
891464102
1439042635
1102128242
810393700
806305190
933275873
720320948
1107619026
86461537
1260444664
1297711427
287440458
1697312274
333729532
1167563595
1848620159
351966986
1481697705
2121744393
1467296965
2120467624
2077751634
1838127223
1521387755
1484709793
562325174
1271156873
888903430
1839138516
226683961
333710163
583118970
1665726597
1435838405
1393512670
324548139
221630630
2113833619
1432167165
308092168
1226794635
582394944
595532626
776623261
916124476
1763096221
477759773
1268091463
1097310279
452020518
587904780
1070294255
382288504
278548355
444198363
1866998298
840873529
1715355236
608418080
532528398
1942039197
942128243
1115647368
1460282146
230483000
361676391
1784830285
452113631
328026362
1069513803
760205799
1554820997
1651908747
