1000
1989507156
538771009
142064072
613297405
1026332431
1495561309
679618471
1479300277
1757177706
488205160
934671754
856409045
1759013406
553656572
248717989
961846817
366151590
31296749
150097893
1195676276
808453347
57664997
652482957
1018803726
1220126995
2126284979
371032084
693022756
1882844997
1407390961
1349668846
1724868505
1946161970
1491732918
190682262
825010753
839810579
870300733
156827383
449504637
1358505894
1091499137
1305913683
970035652
1645155709
1554631672
1931882470
2011307300
1585928421
2081980363
1059499928
246898121
2139645360
1711982886
1265701847
1212288707
1690784217
1636733931
1905311464
1426145566
896641244
1107496662
1003530424
695319566
451745932
1194212686
1520330320
1291556511
2064513420
1677157703
1741061148
1275535666
621173192
899491183
98087670
118845254
306639208
2029970140
2130152554
1892567629
1964466855
1042168834
2139465750
1956628568
606668072
1257683950
1021433627
149968641
746934233
779261443
1576114208
1643575478
1886758105
432160984
191411396
191020389
1626373670
1711741716
1482576900
1543403442
1241415771
1076154401
671455460
1862588964
1975645584
769543131
1981434218
134801144
652029623
1964103124
2027368774
469012831
858788310
2019350876
278157751
1465456383
1129551178
1299591378
1615425024
1876485412
2078852822
1044055584
1372577242
1818127279
1476216568
1563988638
2009147669
955106591
1128246707
1344240921
351026385
222178830
272911674
1022481846
2084767794
101073611
1792024977
1918718364
235874755
296570952
1735337840
115759881
765583783
446642503
2135110758
1043741534
1912098886
1117178288
195849265
1380040262
846180052
127218439
276612199
71273646
1945345718
1752828767
1635262285
1807009739
560451710
616025344
1003767013
911478096
838204174
1276678687
1933959942
775488321
1377752298
1578501271
546723037
1613627054
1875072223
134577230
1729386935
493172359
581219733
1717014045
1536913893
345834971
686708686
1732763158
1725875233
1532888738
1859981597
2002487432
1604162385
1657843668
1607832552
1091941022
1317369759
20800614
1707966366
173653124
932278710
398686892
1450331812
718755004
1174175213
680600462
149772627
1720898251
146743868
2024844851
1855475481
1876130804
370533562
289211566
1445661201
1907447455
635046537
2132369887
1492726966
213438122
1517774978
1205224915
68441907
974453715
715584935
1676274459
2066394737
2032954695
1697075073
1626877455
59124171
481870136
2025564347
1509455983
1200625140
1052255913
42572798
1350397768
625670516
189316666
1227758971
333662349
2065447470
1598292533
622873915
1363625024
1358256340
1257920452
1348511263
703499658
1471358574
718802593
1908724574
1539800481
1693256308
476825861
1068591292
1612167397
362296908
618182718
1091561204
421421080
1100052854
969641904
1930877063
153194346
2021897817
1973449861
1503592114
500084685
15282880
583867437
833747034
2080730350
34676322
1456620949
1296871726
1392932663
567057753
497899342
2096432321
2038416327
1216701935
1857673247
1430733161
762474596
187015461
351840805
227158345
549312369
970023523
1318719550
970733449
2070076377
140877806
754126865
75787076
15291975
580093078
1579379190
515376660
595375958
15762980
1349123694
528622661
50439302
658260995
1825494387
1443371965
1225318748
175910081
1392320639
1116251427
1392612017
1102510238
399500940
7602965
1289525699
751341746
234761310
1838838069
1721365269
1553480860
662087870
1643957999
1694358666
1416214735
1719745075
1709650641
1996307814
1151640617
77543653
444200124
1167403597
1426667347
972822785
1217842900
2084928342
650833525
513731217
1162763442
826743606
1906051856
131531222
71871975
861078447
531032162
79474940
3120498
1282373908
314236251
1841958567
856255530
1867717111
356562790
352729881
1414592130
1772777525
2072474956
976759123
1621601691
1076631925
1054302777
2065801816
96551875
333486476
891140953
1314394775
270931171
1541974478
1828125992
1433694613
221234437
1586694201
1565225835
293106412
300289000
2096257998
372581353
303409498
1231148258
686817604
2145368066
2087403788
407051067
354447208
292650021
1821643197
2127224733
217641329
650918673
1601342777
1294273255
1705221450
1519660945
1390825130
2038707926
263318250
557736257
162155449
1805292729
238378601
1595850063
2026527166
1825072802
1013592250
172149930
2125361802
962366600
544731283
281287653
46031211
1231548887
279172071
2133434999
1638599955
633619279
278601373
1312759504
613360364
496242702
1963678177
67219493
1790515957
1521415979
1586880438
1033857439
1412640258
1850198689
1591593696
1574795707
1508007770
1829972298
1023162122
1387051288
1507561452
2036754373
1559201218
1485439607
851637325
2103932502
1766727260
897668536
1187997741
2045899331
883619888
679114048
532034962
1162221261
1991873553
1145395326
1658463963
1808068082
1212614820
1301496273
1182000414
652011610
187870064
447157024
354726651
1779463761
2021952731
1862734421
1461952411
897631206
1102302061
822030215
786901931
514019632
159986174
1638539256
470468486
1926713434
388724145
1658466227
1825129117
1272344033
190096628
209680431
287081646
34486533
1355075758
1945545609
1842554615
420206930
1099558234
877071381
1072218540
1287428299
1324228405
1426945192
919408412
1198697489
1142195965
233877175
2096328695
97014379
1055907390
735746978
611034011
1215893565
226802586
1081502497
995123351
615526731
592485076
672768821
1887870764
782581704
882449252
27468762
817068237
90041362
1973014372
512139205
510248292
925088958
1389210586
1582466833
65033609
565955344
861928377
984442021
1764652833
2004124342
1218319196
1713497880
2101138721
126742939
301761210
564689084
1342636504
528563796
1646191581
190276207
1144090528
91193010
863045028
884477644
873774714
1745494281
911946407
1690842952
1835535643
737477131
55498509
198300288
1662566089
1444709095
1780767121
1727599699
2010664439
495211850
564558072
1627833624
351852544
1782877269
1193847856
305507618
1909620208
1495609066
870196702
1104773064
2024172863
368904636
1295049271
1020779743
460097646
10610652
1905257387
1333872360
1756104933
669720146
877231664
1444156928
1407197277
932730173
1642457216
922279719
229955621
1275740689
502395770
93136412
1770952539
1066953842
1720970037
2122805084
702347463
767334245
280829054
464484023
115459664
1151025756
1569257087
2139632527
1519930392
716822711
1012928622
1980028038
727433363
770702361
1166416751
336054648
1440422508
2043648415
1780211576
700136137
828894941
1275185145
1622415856
1058850562
403442186
2124811626
1151986974
26911078
1044281821
725473363
2232514
1746629284
1492807609
283061568
63629660
1608267273
1434087324
1632886747
1600416152
806534069
202225810
465861126
639078459
929659173
1236563487
1805495210
1265713821
529502347
1701659978
898441750
1229638485
383071271
26143247
704570693
1441921833
429585433
681898672
446425159
456496511
1726180493
1171898523
458729025
1325326129
517222484
741790593
1388955789
2125489757
28394270
874358889
1578422261
834928339
1076584699
2044283387
1474006798
2006243873
1133363226
1132018361
1124474046
1662865574
686194691
2022915796
745020411
1069265962
2049059043
1449591104
363704147
331160829
2131489776
810129306
787657340
1710186621
1982027829
1246386366
888029103
351766665
1988176959
129501244
329772774
2016571229
1003860133
1908195035
704015920
2080444833
1804994774
30539071
1939205058
790874353
1162557432
916195456
306256279
1848752123
791627605
1051276690
770534437
693203000
353384146
1134238584
1024363829
337390275
1944367890
1812021170
2047576896
1778912072
910923888
788122351
2130678737
751617199
917623596
312967864
620704781
1921483729
73679251
1324720701
1854444914
1878674026
1355259772
1646166324
522064731
370333556
414878133
828321010
71602031
1206505738
1879597700
842136468
1899708738
85498198
1976375052
776588920
422888473
1773259295
441126442
322981722
1404687719
1352050330
1111104073
1387882808
2103667529
2028727669
1700850672
576888662
1802727751
1774529924
1901609364
1509689017
1505720302
1109385488
1008371694
2027785033
1479719045
1423249827
708622395
1551321076
482271917
440736447
245973897
234497007
526234645
74865301
1011085927
949123119
1848124596
1452212369
1272104841
1105328667
656779051
235725266
345727828
612962933
116969288
2046578500
1189851595
1919697039
1673624776
943977311
1281902408
1031861430
2053362800
142790454
912162815
1385598197
1566040281
1620785210
789435625
2048312198
2061521657
1035409522
135325558
440272655
1110274824
1146411485
1389395774
810915772
451140207
514016967
1916244440
1107919258
749742233
114488620
1720882191
866711521
13583472
763250139
638924912
1687208249
1707227450
1920827321
571586031
1613106602
2063617775
1483748847
851221151
1482174409
957050409
1640656777
1383002959
871088419
528582651
1518328517
1311361074
1638857475
517256355
553273200
302289600
968396562
1067290167
71050392
2076315820
1817032400
185539012
1649714364
536260274
199122484
265480855
1175185186
1886330733
1972708305
948528859
310433117
1438331260
864662987
1794181964
142068763
199353748
603748725
1782725540
1582356707
1474837144
163824544
953201577
638714570
1802682019
1470457932
1191987770
2104971619
291370846
111794289
28538363
220203018
1928826690
214077375
1869917382
317603316
413199860
2135398237
1492788502
152046945
1960622895
293833714
462480062
1251470507
1158496701
109178378
1393539270
1357850449
712927104
1028781163
792723508
40280600
1192605707
1745925085
678995171
847804078
1068899369
1870982941
805292050
1360270215
1982777231
833830413
1580473234
1764120273
1047907789
1302906968
2081723589
1461107649
1290821558
1427028443
1613154594
1103960805
1720862157
2075634657
207947664
731875210
37329387
1601486934
2089725659
750256491
482784449
734965520
790537092
1675390156
333406957
1469532263
375710587
1402306327
1193031556
1181002637
615092894
1028325139
2014833050
48082480
644961764
915257191
1350989449
579201705
228881192
494327359
2006230149
1842035787
1598288164
1579608658
1770186796
1806235828
164000221
1807516183
1260239114
106242232
410289027
1743023564
841207752
1200826119
1270930072
1174614710
522874734
1646640659
429437389
1715906290
680159648
1044530283
596747782
547509051
1092612764
1241709546
1462766242
296118565
1820911252
1691647435
790445924
1679657753
1386199574
241250440
1111782763
1008902722
2047486268
1275782984
668935257
1160241734
1382025217
1079224284
755781650
75749321
132566755
2026711723
1250364031
655441489
1525868734
1679801420
223864132
58544735
576848056
820611914
606053786
1669460820
2062321460
2068820028
1965579385
1735749064
1612983815
608541661
1267923169
851699741
849792101
232222285
1860602463
749794721
1508005269
382054073
1910036455
742546838
1461278357
518334458
