1000
956658
1602809
6461324
7486640
7930588
8488270
10496526
11540977
13688585
16173015
16923739
22275521
26971081
26997758
30056191
30515313
30694620
31684646
34444235
40225898
40637551
41065584
42685486
43012376
48551839
48592660
49061632
53306225
53956004
54706570
54903662
55338488
57838044
58655727
58756615
59943012
61184634
64209410
65572185
66228996
69217309
73156029
77040997
78905449
79507329
85047084
87186959
88643841
90305139
93535291
93725102
98973604
102340200
104975268
110284002
112019019
114654795
119259620
123205119
126102778
128442490
129935945
131680197
134666985
135371077
135622753
138777438
138994477
140217769
142083203
142458722
143640139
143787110
144248388
145073350
146304187
147118781
148012152
148968810
149532311
151795768
152999808
154790900
159182058
161080651
162308591
162669462
168700240
170303049
173042620
174447562
182340461
184471910
188991102
191053104
193040475
193342947
195920942
195963350
201548754
201748338
201816366
203276098
203753419
204315227
205580671
205953309
212533184
215259270
217702086
220262266
221021454
221916876
224358859
232291893
233252449
235441309
237252030
237399876
241234108
241915094
242056614
243094350
244793427
246500669
251127724
254210171
256394564
257585623
257962880
260273037
263885614
264920853
273216128
273325375
274015886
274775605
277054726
280391057
281007080
283423253
284420354
284788210
288100936
290230298
293381135
293995689
299071136
299571038
299816639
301245569
303956253
304514063
306794807
309461663
310247626
312832626
320554981
320993447
323126654
323403434
325927979
326162525
327178606
327825371
328576488
330454690
332570513
336436453
337633506
339432299
341599131
345191052
345761919
347051314
350528102
351719988
354363295
355035516
358523730
358628519
360884368
361053163
361721909
362228911
363375838
363690167
369826636
373226222
377075860
381122352
381167654
381518441
384915330
388224845
390351194
391103822
393493249
394137584
394891701
396020923
396101021
399573483
400420385
400421602
401258188
401658618
408574379
409238636
415222895
416002194
416067517
419697816
424233604
425956763
433652360
440906027
441701623
449476073
450872752
451233199
451933339
451968406
452208119
454886210
459923715
460751733
461887437
463944731
465408899
465898694
469382159
469787722
470048660
470164061
470672459
474991478
475411901
477587966
477970852
480142002
484974024
485978498
488570931
490249832
491241827
493013594
501661871
501736603
502166684
506330429
506630217
509966534
511773139
511876351
512128026
514717557
517966576
520656338
522648145
526265805
528571829
529546503
530060204
531777113
533720379
533954125
537176385
540481847
544060525
546018473
549031471
550418152
550483384
554996086
558149853
559197065
561049840
562588493
567075738
568346972
570919721
575322713
577261677
581998058
582677341
584963866
588259936
589604930
589974759
592530225
592740436
596124122
597221538
597536866
599697495
600937216
601716633
604233644
612247469
613358315
614535554
616739368
618504324
619800279
620381963
621338718
623553159
625012310
626141080
629444102
629919743
630427586
630482165
630850212
631692669
639726174
640681687
640731143
641661010
645841373
646013123
648614426
650975304
651177542
652066609
655340083
661696308
662129937
662739541
663251743
663887192
664725785
666049342
667585438
670522844
673087963
679730887
683001768
683153515
686596331
687078707
687737871
689341737
691616070
692954694
694993170
696743963
697486275
704113091
710722336
713519017
718661321
729802606
733060965
733269532
738480387
741144958
742975904
744235266
746090407
746753849
750169352
755817037
757395812
759411832
760496169
761812719
764765966
765195551
766977788
767150517
767874560
769281741
771215067
772682191
774880363
779237612
780584206
780700119
780896547
786931176
788273117
789696797
791521942
792785593
798220130
799988369
800011503
802335147
803720262
804070457
806232054
807658539
807999515
811767763
813700391
819902121
819948656
820365964
822003496
822749057
824780653
828582784
829472784
829992467
830135698
832839954
833192306
834769281
842507984
845288551
845584864
850925048
854162564
859736012
862662787
863295149
864149755
870524378
872538452
872826302
873144398
873933072
875287236
878467273
879575078
879922396
891123249
892217199
894367780
904498051
911053209
912332741
913342996
915000180
927818900
930206351
935890003
942618281
944969120
946696061
946922971
948695980
948712091
949823819
952570679
954313150
954626649
958594476
960267039
960693502
962905098
963099584
964043182
966485669
966852339
966957616
968882839
970290716
980028010
980270551
980715238
986128540
987401658
988547799
991599148
995279908
1003556749
1004778311
1006369202
1006606156
1006807559
1007714703
1007735032
1009022605
1009178531
1009677179
1014351143
1016347203
1016406289
1021760321
1026624517
1027286555
1029090534
1030813001
1035452989
1039541571
1040792323
1045802108
1047121129
1049141700
1049691003
1052664151
1053830660
1058494592
1059631015
1064011627
1065244163
1069221208
1074021367
1075287287
1080791139
1081462180
1081662343
1083967678
1086210021
1087519684
1088490811
1088975872
1089525716
1089586871
1093589017
1099580401
1099665935
1106669567
1109544886
1110326334
1110964435
1119459662
1121399079
1122614027
1126398290
1127527122
1127565305
1129583812
1130968002
1131459634
1132928050
1134905235
1138023098
1139172851
1142391875
1142474501
1144540264
1144929355
1147119322
1147168825
1147357099
1148068260
1149573006
1149585109
1156238640
1157056794
1159369010
1159632936
1160299389
1161211269
1164036806
1164991693
1169965133
1170819149
1171296647
1172693303
1175135173
1179293308
1179629197
1180613094
1181250332
1182610378
1185238704
1186584925
1187250477
1191369518
1192163134
1203877087
1204834669
1204873627
1207689263
1208215685
1208240836
1209588083
1209614301
1212795452
1213297962
1220433818
1226538040
1227933980
1227939652
1230311355
1234217732
1235322714
1237859666
1238030760
1245668197
1246430561
1247801269
1247833188
1248830631
1251461703
1251548251
1253106340
1253353385
1261172875
1271560198
1272403993
1273831614
1276642317
1277218249
1280860787
1282539902
1286431305
1290621115
1291403237
1295733855
1295904000
1297645537
1301305182
1305644905
1310790575
1311615788
1314616926
1315498195
1317101004
1319245535
1323377275
1325746614
1328161670
1328538184
1330602438
1333114256
1333642683
1334476804
1335724313
1337628747
1338402883
1338713176
1338897037
1341063167
1341695445
1346466701
1350315424
1350564127
1350922244
1352640818
1353345099
1353411664
1359857199
1360174731
1362100629
1368833870
1369442176
1371757787
1372486880
1374220178
1375760484
1376922961
1378531320
1381020241
1385565559
1391749284
1394151082
1394967891
1397931391
1403815724
1404539085
1406299510
1408572176
1409342151
1413449774
1413994612
1414104879
1415250186
1415620761
1418459693
1422900362
1431079218
1438254441
1439184985
1443458174
1443497937
1443889011
1448467112
1449392758
1449820061
1450084558
1453381940
1456726354
1457435059
1462734639
1463647872
1465418332
1466441176
1468256640
1469168088
1469682888
1469962148
1471864581
1477274795
1477996345
1478510948
1482700917
1482824187
1484482285
1487404053
1488209424
1494679336
1494838275
1502599401
1504457684
1504930549
1509803869
1511087671
1511577227
1511749879
1513674486
1516107708
1516225982
1518667676
1520491913
1522677172
1523956042
1525604619
1525801684
1527020843
1529273155
1530899258
1531432911
1531735194
1531852664
1535648610
1538772251
1539710824
1544473090
1545365965
1546008880
1554805736
1555492531
1556177037
1562140449
1562410135
1569000918
1569962605
1572818050
1575178134
1577929352
1584618512
1585284182
1592584313
1592895132
1593347253
1593365025
1593540971
1596814589
1597653487
1599231323
1603846925
1607262286
1608334044
1608792429
1615986279
1617905736
1618635827
1635689861
1636264708
1640077164
1640415318
1641137662
1642778514
1643420554
1645779851
1647569174
1647805686
1647822023
1650507500
1653131701
1654135288
1655438077
1658051184
1659341748
1660624569
1660835203
1662466073
1664961629
1665232603
1666256524
1667711987
1667743152
1669619193
1676099922
1678896435
1678943217
1682453333
1682861678
1684922814
1685123119
1685898741
1688161689
1690026096
1694813740
1700420499
1701210947
1701633654
1703682911
1704339540
1706311556
1708498573
1708999408
1717310681
1718142227
1718540303
1722717001
1724846683
1726288586
1729155163
1729368505
1730126614
1732109126
1732580400
1736199031
1736610165
1736754200
1738283990
1739963265
1742194961
1742509781
1744948657
1748524642
1755109869
1758069482
1763579760
1764082534
1765265712
1768205738
1770749257
1772163575
1772784676
1774189535
1776189855
1776296661
1778327137
1782489008
1784786076
1785068573
1786536404
1786890614
1787045101
1787512011
1788067261
1788820613
1789252360
1791280120
1791356284
1797733667
1797884479
1798865831
1800873955
1801216390
1801981904
1803272721
1810698324
1811595999
1814968230
1817537356
1817989942
1818411503
1820067069
1824619430
1834544175
1834979410
1840609649
1841270532
1843380269
1843883052
1844998309
1847902643
1849194361
1849477507
1849915116
1852215062
1855785519
1860205450
1861547021
1862440479
1864276304
1871444435
1872809581
1873820085
1874587746
1874749172
1875208704
1876834633
1881032080
1882148755
1882656618
1892599113
1895249835
1895757771
1896631228
1897630725
1899691656
1900781299
1900939545
1901938746
1904193371
1904467711
1905137595
1912811640
1914112218
1915074066
1915153571
1918963173
1921376207
1922489944
1923438338
1926488318
1931465469
1933202472
1935087657
1936681173
1936774203
1937889929
1938497914
1943094353
1946696996
1950252810
1951523651
1951873928
1954144273
1955200922
1957984976
1958379493
1961662247
1962051642
1963351471
1973679379
1976068186
1977089372
1977350233
1978125450
1979430752
1983175268
1985068435
1990570235
1995987679
1996146367
2001411085
2005476302
2007774277
2009667731
2011935947
2012463698
2014316931
2015172316
2018612220
2024209472
2027138927
2027331955
2029734006
2030451205
2031372183
2033540631
2034354461
2040230532
2042983645
2043032060
2045704004
2049038316
2049309605
2049675422
2053300540
2056571741
2061000366
2065870798
2066500284
2068501750
2069862209
2071498051
2073536008
2076423028
2079204664
2082542351
2083452166
2085708941
2085725184
2087862645
2088449294
2090341173
2091492469
2095157510
2095956261
2096549265
2097196863
2102065950
2107399282
2109244214
2109426626
2111447374
2116995603
2121487713
2125862069
2127380863
2130875021
2132185729
2137640250
2139298914
2139402805
2140192030
2141290210
2143830637
