100
19637160
28032301
51878999
65704959
114498577
136814336
146592160
209298929
212554563
265481680
277413593
283337519
285456773
344659515
351260093
361379100
374450438
398034631
459801383
461271600
483796079
502445097
504738206
514866063
538988829
546233604
552222887
558625990
559656727
561838665
603365474
617027063
617513587
620971066
647945058
705137107
719891055
742669542
772113758
797958543
817704567
823647197
845176185
853351779
859306232
883716732
886612335
898644755
902970360
903285505
908422579
911185231
922819076
943116638
979153052
983905362
1012816422
1035459091
1037595438
1053445450
1059659413
1076704729
1089708798
1149181788
1179230178
1184995401
1226523134
1231031087
1245114639
1283448580
1298273195
1300403640
1303085740
1342490514
1345245797
1363640609
1364076516
1404832912
1470378842
1529654916
1564397619
1630645154
1693074272
1707319425
1738091047
1766212012
1776952182
1834517287
1855300005
1861711730
1921880914
1947389976
1953154333
1954174921
1982207222
1999268976
2045772193
2061051427
2072000864
2137705824
