100
22201784
34817510
46615521
55820239
61464125
77869875
103497882
107755507
109319614
114906496
201905900
208227362
212712606
228980083
252452962
266635032
304856868
306849958
339293115
346866172
348878069
425583489
427192515
442786040
445812556
451549208
508513225
687092929
690201899
708389460
720693520
751474204
767309041
881536889
887701878
894335248
913050492
917458661
920177660
938862514
945407885
980076884
1009241744
1031520883
1095929240
1109958699
1115785388
1141969265
1154202016
1182631091
1192789490
1193832639
1218226989
1228870889
1254253615
1265455163
1269055729
1297830526
1340147804
1361489753
1370991374
1446783557
1480310989
1489074157
1541786448
1543886282
1561447295
1588401969
1691530248
1706171555
1719704077
1742468305
1759964807
1764670089
1800027795
1819604104
1823201959
1828046640
1854424790
1868167971
1883866879
1889242301
1903050400
1909333543
1914398917
1922973044
1956148658
1971078798
1983281539
1986901553
1991622386
2014396998
2015216777
2052480757
2067252508
2067880110
2075861124
2078834305
2093086652
2141746996
