1000
3801224
4268928
5357908
6468834
7965816
13532654
17708272
18271887
22848794
24032172
24342684
24613551
25751108
30942568
32842022
33124366
33487853
35645682
36097406
38079441
40580046
41891160
45158063
45890571
47539083
49238667
53008889
54554770
57909765
60432299
62305505
64340281
65127758
66562124
66637623
69738217
70120032
75017538
75455417
75643996
75837300
77063412
83909876
85250199
88614659
90868171
91332240
92331918
98349481
98447137
98682171
101912640
102862583
110411251
112009791
112217082
112912107
117587637
119973547
121717448
122496758
124056019
124820094
131034034
132789282
135263079
137510323
142365630
146134031
151247982
152741243
155749993
158986550
159197076
159738866
165888404
166773930
171194654
177768314
178269386
181767471
183083894
186120343
186794194
186977935
187835094
188478955
194260014
196078920
197469141
201179537
201300466
202414343
204664518
204959704
206582503
208777003
213251163
213586397
216107217
216770739
217423006
217934436
220559335
221194105
221443025
222846835
228621654
228940804
230600603
233499111
234010545
235271079
237323470
238340906
240851252
241144863
241754763
242133545
245059299
246623291
251284517
254127684
256320411
256397948
258823386
265121215
265717398
266661710
269930602
271160928
273025069
274110856
279369207
281018218
290179044
291181494
293256323
301884025
303967637
304621410
305192609
305350891
307958435
308857020
309006800
312369548
314426935
315859334
317872548
318935836
327019960
329317497
345805238
346481258
347543693
349999618
352996823
353723770
354606602
355883154
357079018
360622280
363173439
364093900
364512835
369199705
371525220
372845480
373291017
376409557
379491036
380275507
381013502
383633367
385292210
386555553
387968035
391076264
393120549
394286773
396938157
397912598
398483137
401623056
401781436
406382525
406777436
412675802
417502599
417809937
418524608
422259006
423783054
424309463
425384475
427269233
427400250
428769846
430755238
434850822
436667704
437368608
437691799
440921879
442684847
442861215
444339693
445022531
448938767
449723817
452060285
453447439
459955145
461066234
466949011
467208769
467432089
468480409
468687161
469168868
469880026
472544110
474001569
474664781
480058646
480481665
484896896
488818892
489008623
489103427
490407703
490741754
490824161
495451191
504839187
505258130
505593265
505608408
507883674
508083319
510956450
511494327
516373076
520898924
522386658
522719355
524776067
530602449
539339560
539556527
539659421
539810902
543175416
545058605
545873594
547331604
547413444
548844159
549871902
549989098
550397750
552792274
553352296
555630092
555822017
555930189
558444739
563071176
563326773
563688164
565357973
567857766
574917875
581169032
582114797
583040138
584976922
585090595
588170070
590905174
591192845
591877833
594514676
595905465
598935074
602657997
604787872
605306984
605436671
605878342
606373027
606480202
607394730
609513584
610078615
612565440
614616895
615889824
616004516
616601188
618157236
620076143
623505497
625415288
629811298
630337012
639257662
641102913
642922548
643990038
645705123
645806920
645881583
651869398
652065004
653979573
654403417
655658903
671036113
671735012
674757807
675015270
676956223
682165789
682509259
684258146
684537431
684896918
684934817
685473591
689006718
689803245
691358589
692346854
697388793
699697210
701511913
703754122
705207579
706013246
708948812
710330999
712628167
715179238
716233264
717986075
721647909
723924528
729633670
731931822
734103279
735145038
738713674
741986228
742073764
742718891
745933277
747542018
748928643
750412267
751655458
752853313
753911791
756221570
757728185
758455946
760753298
766897851
769275691
769785178
771909018
772042492
773240471
773893192
775126317
776474198
779223511
779251100
783616988
784255903
786128736
787556552
792732829
794219494
796572963
797273661
798308231
801447614
801769840
804491571
813076283
813883691
814987526
815032299
816024102
816153047
819125655
819649247
820807077
821965588
824613073
828948071
829798479
831721604
832337709
835144080
836141611
837401004
838620666
839018694
839646103
841957803
846388923
850710957
853502483
854253156
855353008
856768532
858614296
859757631
863745632
864434988
864769259
868145889
873593340
875191092
876259955
876468909
878449507
880591871
882214151
883437798
885504792
887693476
888503425
889658944
889909949
892770008
893686535
897395865
903503661
907482095
914607845
915293037
920400157
920685721
923977186
928995369
929164094
932464569
933965182
934536597
938449003
940336501
940703758
941426092
942113651
945969378
951744874
953709205
954710667
957395234
960287112
961357687
961809910
962150524
962526970
962697024
962885910
964033488
964301945
964842799
966722356
970024937
971207791
975872974
976382814
977306986
978033776
980181488
981276715
984590966
987357616
991719707
991871188
992755840
993190626
994805794
995425682
998384176
999063147
999805226
1000414986
1003146559
1005299144
1009883496
1016885998
1023129323
1028312620
1033829633
1041711748
1052896281
1053211609
1053539483
1059024272
1059927641
1062474252
1062722501
1067845191
1073245244
1073286776
1073310432
1073935393
1074772877
1075878911
1078840861
1089703733
1092512126
1092529994
1096897295
1097042321
1098278078
1100744652
1102167628
1103255327
1104591969
1106812791
1108323070
1108997141
1111916432
1114615994
1115517114
1118274935
1121319254
1123090578
1123351091
1123994326
1124258495
1128582476
1128877124
1129354677
1130319489
1137250413
1139425565
1140562223
1141875283
1143409588
1145196260
1146272802
1147429342
1151578452
1154291685
1159961078
1160837537
1162577709
1166723335
1167786809
1170392155
1172541291
1175638672
1176359980
1177341313
1180789438
1187780875
1188172476
1190122482
1190822869
1191057471
1192416672
1197002255
1199237883
1202241095
1204568625
1205763760
1205987690
1209734847
1210648283
1213706284
1217332220
1224673911
1225739448
1228264630
1229505176
1229921637
1230366807
1231323624
1232714030
1235078352
1237542936
1239301572
1241798992
1245491432
1245625262
1257013216
1260150860
1263121284
1268314778
1276269255
1276326548
1278776097
1282123211
1283963747
1289094166
1290551042
1291095907
1291798935
1291838360
1293846111
1293920055
1295898483
1299112497
1308653756
1309008228
1309011855
1309536206
1309850470
1310043956
1312191942
1314713924
1315993166
1316381305
1316664036
1316810071
1317347851
1318744870
1319364229
1322286090
1322509460
1330836391
1331417816
1334379289
1335181290
1337180153
1339906954
1340769575
1340961910
1344490203
1344653911
1345672770
1346027416
1350077833
1353908058
1354702179
1356268593
1356600985
1359521133
1359733803
1361513540
1363431842
1363768839
1364868262
1367636235
1369608447
1371278696
1373611597
1378480691
1379357392
1382255500
1383427825
1384913468
1385826226
1392825455
1395973539
1396637815
1399007366
1400844583
1401796238
1406757630
1409025971
1410288152
1410308192
1413538542
1414452506
1416700135
1417774357
1418832235
1418945594
1419643952
1421150680
1421753288
1425533250
1426564102
1428687765
1432010319
1434351462
1438079236
1438879378
1440723925
1446402844
1449160396
1450199389
1451278456
1451487504
1460621824
1462005031
1464804276
1464929562
1465798049
1469910353
1470011243
1470993802
1476775146
1483405390
1486018442
1486484697
1493226893
1497237175
1500969892
1501996772
1503843222
1505314794
1507551785
1509161387
1511661269
1513079386
1515931130
1517091960
1519253366
1524086236
1524783264
1525327373
1529056022
1529244718
1531311789
1533513646
1533757410
1533977715
1537862267
1539065557
1539192795
1541068008
1545914907
1548213036
1552618930
1553939963
1555008639
1557960977
1559093767
1559264754
1559563510
1561366254
1568857823
1569900718
1571043071
1572942859
1574375350
1575841020
1576726106
1581661717
1581933296
1582291268
1584040069
1584804759
1585522091
1591905680
1594079488
1595177355
1598244215
1601945256
1604766354
1605073073
1608490145
1609678909
1611229464
1612675288
1613464273
1614762028
1617685904
1622386730
1626069305
1626494012
1627650864
1637421580
1640724905
1642047797
1644317136
1645089552
1645098537
1646395074
1648890937
1650830504
1651567371
1651665290
1653453344
1653880354
1656139064
1659148287
1660702895
1665737023
1665965798
1667071728
1679386088
1679624418
1690308483
1690352817
1691180481
1692527864
1696719110
1699706589
1699776004
1700071094
1700071361
1702387116
1707079567
1707935381
1712700201
1713966354
1719656708
1721190968
1721365787
1721856389
1723045090
1723158741
1726341223
1730758067
1733182754
1733793471
1735298837
1735592088
1736572063
1736624089
1745013230
1751386172
1752736326
1752979046
1753630438
1766807000
1767969666
1775162006
1776750730
1777969679
1778255363
1778515250
1778743007
1781365991
1783175527
1784095532
1795600402
1796919964
1798125485
1804266789
1804609056
1812360717
1814225018
1816062495
1816653368
1817655826
1823807012
1824379923
1825231525
1825426557
1825475889
1825731416
1833694727
1835011280
1835301923
1836648072
1838572184
1838619656
1845156967
1845613867
1848049815
1852250734
1852400111
1857068886
1858102507
1858818536
1859000953
1864810556
1871533409
1877525019
1879917680
1880362959
1883418568
1883842467
1887138013
1887513295
1888721554
1888760522
1892360018
1892412303
1896718203
1902314089
1904086452
1905502935
1906705117
1908291803
1908536950
1910425086
1911827425
1914711212
1915098263
1915604460
1915611575
1915899331
1929520645
1931670161
1934486727
1934522621
1935195440
1936012328
1936321632
1939813552
1940608373
1945546045
1945943664
1948371805
1950482991
1952200415
1952632450
1955359177
1955670112
1958700825
1960021457
1960527401
1962150912
1963501597
1964504246
1966771083
1972887595
1977650482
1979651240
1983590895
1988004127
1989277128
1996555731
1997878756
1999209837
2002700626
2003797240
2004444038
2010823427
2011876933
2013701963
2013747888
2014704557
2016227305
2018727045
2020432354
2022995973
2024014390
2026480331
2027048723
2029768586
2032537270
2035561818
2036437336
2036815711
2038475161
2040897100
2043365337
2044464527
2046191637
2051884838
2053099632
2056213513
2061507070
2062892952
2064229423
2064560080
2065233425
2067067258
2069271066
2070995364
2075638197
2085065999
2085520231
2088022261
2089173631
2093656358
2098315667
2103272066
2104370591
2106560841
2106638951
2109438475
2112359372
2114828378
2116232548
2116750166
2118362254
2118510670
2120196509
2124803877
2129048364
2129693203
2130313779
2130728748
2131407539
2131842370
2132202065
2132470083
2133012984
2133790773
2138405599
2142571093
2145433191
2145666766
2145983035
