100
2071763526
1289811826
1906086966
104675636
1200446534
358540884
554384578
1375072477
1338187565
1223705587
1022758164
486052744
1526748238
856641955
1360007616
750886173
581597560
700056862
738542359
1739276907
636184384
1279620823
1027233445
1794604753
125158815
530816647
1661991814
1817723514
139840654
2115463991
983831968
64120532
1257792169
742435286
168796168
310755055
1100976170
723180747
1685827532
291680087
1946886334
561102049
777732831
1326150925
1417744004
2137740447
2077037098
1999341564
690313662
668095809
1591134823
1326498046
1947716632
470884620
973619152
2072875448
1001701267
488127318
1743115314
1141541921
456107661
579463634
1205662453
1713899830
1321898920
1374458622
2024654886
275391443
2097639369
1562998770
567071530
1897042055
2124100819
1344804362
1075709332
1394361175
1335061161
1005262782
1246219091
2025374823
1673358591
689870266
1204389222
1473591576
1160754886
30524726
1398983376
14972505
518652044
994615042
1156514426
974759706
1574078677
214693232
541175888
748493949
1589151854
418347126
1023885392
1539307575
