1000
1463458293
1995062666
1057775650
405266744
1996559348
1306728780
1030108963
1575094756
503215723
511822994
1071043522
1182793007
1100262026
13898401
1326645314
1647734335
297504124
765730281
1564041488
297533147
953545639
1507243588
836099140
1250370964
31265909
454166166
1501846284
1576445169
1623638480
1332636224
1474104190
939613126
1180215242
384396192
1344879870
1029290942
1691124972
227505185
456902051
46857047
739328179
1527945573
1229650054
1839590206
1541843975
408811720
1339840893
1839348099
1174542001
756398733
2136881246
2128087641
116158673
825496739
1230974957
147424582
1279662905
585337593
1723869751
755817737
1917973817
1050490293
1695430863
950705412
1434886485
892827086
1979996354
978527810
1120332271
289414757
1025384857
1859660451
1817360331
107551264
1551767009
1211720658
516362984
744124254
903585109
1690904986
1500522988
892982708
1671508979
1616681661
1718479447
755000288
1764106244
850658704
1340337882
1340492347
1606476441
1110828051
243498993
1154423657
2061533463
1678385478
2047250743
1894046170
509429640
1020099366
35977279
1534814498
732276169
1853337610
1642365762
136559530
917574620
11245098
880683785
1821159730
1702150084
233723125
566658790
1226175415
1850404786
137654589
1981175704
1467027382
988313293
1174029938
660036082
447306086
137374341
903535075
1601729743
51424157
434436905
1501496838
1945470327
943866546
374112557
1981447606
331197396
1106388726
1687301569
1973563158
1242948257
457392541
1984808256
2123632042
131068623
1539474693
209871519
697727413
618166460
2060276305
835382002
451858516
1379820040
1823695295
1625888454
2039856122
123517734
1763262796
795907549
1725247477
1814686953
1230344454
1079260668
1612673632
26727352
1453373225
1446637590
357924748
412278303
986455511
184004258
1655226560
1443848053
21328867
1631374954
1574916676
1560803560
1841246473
125160442
31486372
1754039131
960542444
483344889
986375523
636754092
2109233343
878747997
760271826
1725012491
1674655546
338035655
1392215796
757516352
1417296323
857405780
784243705
723185900
156559723
1142168453
1135464204
1143015234
1326172712
643207116
439379639
1347501579
127098423
2014296316
760821491
1968344896
2139456758
792307863
1574900379
952515554
1275652752
413792254
1589269646
1237402448
1292540251
202057824
814931291
819712149
540093480
59663440
1577228502
1957389803
917069220
213988559
533092056
1073628943
1356157012
1668556260
69160530
534846076
164279728
508540169
1882347655
291378151
375352837
495685498
112239400
367325947
1287993362
1687139779
1319841502
416162466
2100932034
761627500
1653564914
1245988637
963685325
321012558
2065700787
1503778805
380675998
1495445641
1313684960
1297745218
1709434200
1846777016
223890514
918107564
1367849628
293051044
1452953641
1532129357
801591213
1187817648
1823507508
1176944051
1683503147
1935746908
1544269998
824012861
1475403040
716627852
1240175327
1428851426
1478255353
746256594
527356415
294457030
1067269152
445573554
1798235835
1447945150
1941019195
964437147
598206720
1502969747
663730516
822097234
273593664
2031580144
1115148278
1726547305
1416225853
1916739492
766881305
1092249714
946199895
302900804
880512974
342986245
1126913665
208432366
1059614098
219605345
1637283792
390385803
965861939
17156560
684842833
2033131091
462730114
335595020
1333592593
256265662
1300032167
1931799313
1759235409
1963762683
606412900
2032829073
1847859180
1721561178
1611892730
1116601385
1490817022
231290388
61367451
289533269
534191192
941880426
632519515
1661104858
1150312792
1692133613
1880710203
640112937
2082519416
699088494
657269497
619878601
584735937
1119999611
955473621
1918328530
1376265273
108022140
1702644195
988017035
2071784824
161573447
873362460
1772160356
1883134626
337771543
741278093
1226468000
569061931
802645545
1516001270
1103253123
1744525971
1037137
616874333
747355115
1693170750
350100888
1387468052
1628206518
1049189382
2044737549
100601471
1633925319
1017253513
1056075092
1404770201
246035138
1164097232
959930749
1234052173
1088398408
1121504196
2107414634
713075116
857155174
297702529
1454353210
2083623175
866764460
109515107
1452140797
1970017583
1854041078
1453177934
439408269
453912545
998865036
789509157
1841380598
479587906
1838698540
1738634499
580189377
1325140211
608404364
1636264469
582426765
854439503
652878053
1542357514
2088491676
1741276462
516378062
2048422662
306867930
1373533237
198641543
1761221140
1309672764
1065406003
1870736247
614329913
887939939
1577293677
2067507847
1327348208
2031206223
918889235
2116857365
1725103173
1398477141
1808072257
1316254024
1978666518
985728821
1924658389
1467447339
1568155586
631614244
2120325392
963029452
572622272
1714118206
1479407514
473561287
2020986137
705457103
672202830
1634723629
2015129867
1737608834
1357976229
481976132
478065125
787786258
402000331
1805413333
671508833
1320889566
1774787050
249128358
571883059
1435375660
1565382383
403065929
273620833
1342557124
1870513268
1841776419
1974171368
1843355013
657322223
399309992
1409989571
2136729737
872871279
1283492060
694703193
1545074110
770732042
562349412
1135199296
2128708271
1044325545
1613264421
769010881
1446325876
1271194106
1440519715
619731795
898497508
1689648073
1191614854
186389520
1107546808
1594680784
460010353
302620284
1317710404
154303124
129308004
1013581769
811625347
528617997
276087693
800871437
1401489276
1559579753
1495574630
799079738
182828147
2057924042
1934279034
164052770
954765939
1400059807
933063652
253608168
523770265
226099719
873339963
1422267774
1915747792
2064954817
1608657294
875810953
1512151953
2068667648
1178431237
682378710
75487124
1307739242
1695960479
887112472
1836357239
1972048172
1687983909
1090362867
1384144278
1036074891
1889442606
1566972425
946515285
1676237992
1731025196
1901281225
928814152
516605200
7405745
1452584417
742704919
880745708
727368543
510969063
798216877
188542190
1386780016
162885183
109726190
417727606
845263893
185213314
1725466848
393740724
1072325786
1414340439
218305249
612826047
357219658
1602449527
1648900938
99178616
1021938304
447932576
1775416609
605479852
201730153
556747113
1122085052
209135898
2009331530
1864789971
1089881606
589216426
228275387
1888098483
777758616
1615055403
2050983666
887484806
2032783009
748763911
1072698120
1610766209
1142504636
2145023907
877623000
1360809885
610366306
1234842659
815775764
111783597
1334021275
1837714068
559716173
961954236
295710273
761446326
1518701349
1417795325
970582224
1380549232
1135101649
2060463830
1969765658
1363377036
1801078665
600040626
830948791
1704578684
1487525432
716248153
305858947
412739904
179530714
1448363583
410280163
1057153715
661689820
1020646470
144512726
1477465584
1132430067
1478534001
1167696005
1692146240
293004590
1463406278
306108918
1811705939
733717955
1276691142
1044771523
1868819604
1189671324
867053533
1084712992
843266341
1467094159
1915661784
400361377
807135943
484426289
706220325
1219875848
663957003
7100260
1630156011
1721110718
668790081
503318833
1865623444
2146255665
1635748900
1196673798
1166468022
1180411492
1489678388
482390652
1486520410
1153900679
1216108608
615727904
51188555
937444564
1805399228
918242088
2022157557
501181922
237852600
1790335693
901543299
1044988543
127278334
1607763624
117380743
791235337
1614863885
1747536755
364862408
136170318
103371940
83002204
134942335
1739120841
1279676002
1301410358
772048685
621870742
1783801010
111085448
1775771422
852425970
726813352
1826959977
1789870535
384728933
597718417
1664544444
885910855
835571017
1307396489
1787454154
1880559561
1434674823
1247734131
1997940304
78426512
715114368
1597993411
443288920
851284686
1701365352
526291125
986227021
1293002545
1805967127
140153731
2065051230
280354222
1923954742
28653030
2056125644
628897064
755466383
1735601973
271283951
1140195316
185836742
1935828395
2026106171
1021407760
1095741236
1666076677
754483673
382932411
766327160
604940329
461358924
1481441528
55450093
904647844
185242566
1756815445
1430938969
1171469588
902334342
1089422449
1311623319
819901924
1369776671
1088094413
848554955
1278418667
1716991478
1604021338
866536992
1988275429
596733006
1052373734
1776620177
475355529
2073781494
724877765
2141432206
680781519
1107810177
760275719
1285721849
1569169101
94233599
1341171942
326333297
279476166
950503739
1757272267
1450945754
1852838081
699211068
615085425
525256357
2068987739
1703179839
1373811312
1199922758
1272687669
830349002
2066459750
1113479450
1427082008
971349836
742615979
1902437537
897647683
1467493745
1896386096
1578429202
427820274
509178167
716667403
1996989375
603411766
2057839345
175839024
882887932
860859436
1933111291
186350038
566213869
484838711
801435464
1091470227
406342802
357131655
317797891
1606265560
1629819324
1148146894
1525241662
595815126
427745254
349107851
1338431106
182699144
1246755534
658441203
2079085240
677701088
1086261477
440779759
1394368492
935767204
1044191525
1304724189
1111606228
1927079458
18099978
897233872
2113429496
584313847
1382072583
767381312
1675784074
1788415386
1124512967
1993581966
1247197298
606848643
994245212
624955313
1202663770
1421990466
974063164
393611228
1604689610
73335050
1052052431
1536291202
751036138
2138313908
1977070961
2145404630
926597464
873778839
1302645172
2038203692
653374649
1320745150
787953916
619320497
1905058997
22542852
1386701810
1433359424
1810958238
363731129
1279457742
910671888
970579773
126219306
1535627201
25759895
1548209772
362206717
419371123
1005415735
435541767
1471423554
394223289
1186577906
1462253814
223810603
1184498888
241367630
1097589442
339660412
132087674
1750964091
1660405562
920041591
222800940
1417980912
942584443
1609502750
703856688
606059033
1973233880
1983314430
1516730921
796330005
2109533736
904874475
822089900
1510259860
1267081192
1241461023
368191947
1702622960
565400929
762415237
741717218
2027654743
986225840
1926216106
121538725
2083815282
118392871
253626399
1687295725
1778798433
1173667990
1910096665
1049295697
2116252433
1372115768
1753152385
574827818
1197866000
1588983167
2091558740
1994196005
1551033255
848949567
668802257
913809468
2116030759
1910263280
1282001415
1671170071
328180561
2044416652
265403641
208351656
883158844
44136100
329890381
819490478
162528971
583516780
359302555
1941327404
1757184771
121915573
843139454
1725953556
1494031341
448808191
153297727
544413693
2037791359
97372819
391126050
1441340966
946322386
1059928307
207666786
914869497
822707939
1489668202
438555921
1150888500
1386601206
703959562
1359240156
122276403
748095662
1689130537
941766881
910624633
125163669
1301069437
704468390
