1000
230400384
1968807446
226418734
1785646737
1898909597
2146575129
471627050
1298062165
1998291469
1652366954
672317361
991812285
1232579109
1426237853
508106460
831705482
177322581
666144649
633714105
1168622939
124968925
194631355
365063556
332429009
110121371
723318278
616164114
1268450029
756753248
2036469585
1178457088
987153633
1857793383
1404875822
625316722
1609219332
1403967304
1096943773
759797849
1254775125
601827079
1432115210
99103763
1834406188
710869416
607210223
518628023
888191997
1273354872
1152342128
2056814937
1398323797
1346973484
274394845
1730752806
1457094855
997713124
199433273
578061237
1754466372
88419210
1756518325
594136357
1946212593
1013910499
1219453080
1407948277
270394155
168913205
20262479
1525169281
770740284
1452377689
1624273044
457662824
15763457
83999619
976290847
903955455
1357354491
2128632976
813286744
608194640
1328122812
1087681589
191463799
637734019
2085394713
390897072
1215795256
1692377438
479316282
824829933
139030147
278045227
1838740433
1358483227
1685993504
2109134588
1527396432
1706255983
1486820221
150653068
1011150025
963609617
608315893
1026913482
1047609236
1584606740
1930868937
257480079
1565756068
596672033
865674720
746395232
1684353623
1057138519
1384129252
1622264688
1448035591
452440860
1167158478
1927351873
1277270794
1306188626
57913452
968527579
517188205
1743906956
930178519
2044584638
1302679292
269515093
47754058
166345669
1233124710
656069951
1193259151
133250299
93193044
976644441
390730378
1658949112
1573316474
1256405098
257860697
1110186449
166059969
1641989949
584967490
1614095560
2094430809
1752125968
1393963785
1224217955
910830946
1451877237
45261886
1428019152
1048300546
975440406
1325120142
203496190
1244955499
1372874200
369841859
330596561
2028944152
1563101010
463846860
2122137196
392261803
854577239
1633602660
1965578278
2110982337
1891463357
928281079
129558659
1385969658
1513248569
1743654219
1332916820
1117890890
990134357
409651127
2028721836
294527946
454913014
1309257340
1342828492
1430353420
486893834
1546324682
527825271
1859768035
1916166541
858421832
1741228539
1331783904
1322268693
1715882087
1724045707
29362284
1202001099
1542140337
2140344621
945980809
322937769
122419632
184466819
1836186338
1866073852
1517383639
806593580
708724561
1927034767
687831769
1003252507
234464133
1997089109
198597352
1664817553
336499296
1744922034
45159176
48783683
1513604928
903581008
1790012222
697905184
78366053
1358410661
274467243
107728337
412928112
1816607581
100589311
1358908921
2139545350
223008943
1543375741
1828248040
2089082795
913275732
487357973
650323708
692826851
1175189742
1653576216
927290984
1024795203
1852173568
444624889
1361294499
1449611954
489784065
1410078182
815733234
1393365074
1052606756
1513638418
1471731127
263533769
1788105662
1579459465
676461882
1457229595
1680048776
2035370803
1449291297
1903057719
1431262896
1130055689
1844656867
197054981
1617413662
347496927
889881832
645119756
2001073143
1817172817
1669914960
1705763063
114314058
883725811
1007891370
604098124
146320346
1823624604
1997463198
1198927102
1189779375
1321710677
1462460872
830401389
753686494
2138922754
140147336
286251622
2026809909
1589438633
41825694
1310589158
572010674
1886482561
1507644139
41940689
86495840
250042323
687060445
2087568984
2067215140
209491757
1645848399
34045551
1093217569
506256121
638143675
1239537915
182397078
488123225
290981369
1372176453
1809833902
1753442241
55094194
416036749
1744881347
195241530
702288371
1624207609
1784680163
744114065
787313119
209207189
483112978
147473610
251147878
569608819
397515933
938208324
509694155
317247426
1147700081
8058906
351292977
93434002
514315028
989436652
1332971917
696712106
1477559877
1623953287
2068888559
1139910131
1229911880
2123982753
1555946880
827309580
171740635
110751604
304033541
1956420798
854865669
1091346660
18144339
1337978648
1238820270
269292218
1907587467
1636336203
1207500542
269797974
1953583629
207716975
277856880
157392958
301150978
792171908
1146829610
1634122895
1488884014
476905839
1110592534
1410288925
1616815971
193020767
1386788030
1025279203
1020330347
1558528665
1136030807
1324363888
1367465815
1990896477
268226900
1385610155
1181391477
1507047170
1654902373
941495296
995899725
714919267
1211293270
801999707
922636242
1489150150
959392665
1223787220
133838411
2106222276
710426468
1622722425
435644467
1821019002
885527703
2052460438
2014039769
124832085
930255994
886886468
1683360751
2066286801
63766708
903342918
1909699630
331993608
141469425
943607459
1839040778
1796371798
1885102755
687456856
363807417
948912377
1489456563
1286443660
290578880
301365580
362747232
424417291
260104208
1073173700
2047139716
695748676
746709055
785183771
600725466
613265176
910015857
1530981460
1500151645
445892960
1449784614
1563918353
1349235878
1212000596
1895911962
1490705304
8124408
1587469092
1139593454
1893227163
127442300
1503400872
694655893
1616898863
642360884
985234773
1918264444
1005108116
1409652064
30885004
2078281817
1309308132
726633680
677507224
2094491904
1327359147
1290772400
857024113
710856959
643440397
1302917073
13157925
59875103
504669303
1225158522
1955787065
1995374607
1233282930
1395772509
987484414
979026445
1523214810
343401638
1673682338
992630025
985762522
511433463
763410821
1990870638
1921085527
794295826
1921668807
1082910012
1520929506
451692383
1029918268
700805005
1742464784
1886942381
1411661965
238421533
1042375806
1424819890
298296636
1547045109
502494764
106600053
1394936069
1735777694
1502372563
234936835
567320492
878103725
578338473
93519182
1870733750
1564100995
604952646
486660924
1407487985
378554525
1280956750
1181673145
1461464537
654402608
1633365528
343899157
1355207614
1228346664
83357890
619385931
1466768198
1125733696
2044205821
1765064834
525295158
399216938
1871664888
1920231227
2134994632
1226553803
7684414
554831476
2104657528
586022887
648350659
1827907630
2640234
1253303305
167084906
1410128219
1631857830
1448041656
444317716
945838720
2102444265
2077683245
1289737877
1310168231
1158546261
1373095768
1929554162
477830811
351345816
1826276335
95411998
876640974
78009625
1967076886
649388553
65520610
1046147041
657072967
620352086
1003320921
1243095854
1268702745
683744903
1245736088
374522402
850829810
508380660
2006380233
151387818
952698376
804735305
106348435
882897973
2094473182
1416516666
2041444235
1320085302
1198587180
371791398
1671431119
877379868
467203396
400588445
955389493
286796634
1049976999
1020910103
1332943675
1707049966
1641262190
188780948
802662173
762481287
872525852
2048398261
1137003690
1723355662
409295273
995900275
1874743480
1361993650
1800635580
1981091916
97407975
1747625114
1250124934
2138852210
920226769
301228467
363159961
444174240
1178608335
830363357
844762685
2133997828
1117159992
1894739684
1007424284
302620019
1454306003
501202826
491400968
109484528
1263684113
1363926820
10399141
253204155
939798834
419694415
1249104430
667058666
1781688065
902256362
500666934
1879096040
502397829
1750791869
1870464603
1422624598
2052020336
86140916
1866798838
1083145023
916504273
564077875
1069659203
2033664265
311333912
2077083487
188800637
1765639915
430802665
680201605
1875124443
1694486779
2044128425
1885523584
1947690934
836443611
157734351
1049311717
1503502277
1939422416
1951568079
2004169212
1671034809
306482260
1607477433
1394015764
1729106858
1512014121
1480156680
1448422048
447675496
249177305
2012499924
1517334699
135357923
176350188
1446934539
324158560
1941990103
1877737204
1004360165
1669630898
1424740335
901004942
1407670834
1224947622
1737448553
1565405186
126775691
1093467182
1357343954
2078343770
950152746
880895115
237342383
410146531
127427231
1966449241
1922160652
1607583911
1267387642
222352500
1856761217
1132403918
1739687200
1992119140
1308754106
1039138091
168794052
1103260561
769391647
1173154217
625407811
46648335
2074159159
2033078645
1271595957
1664124064
1451000183
1398371648
610107598
660860490
1329231770
1560260345
1541755605
1566574153
1970406876
1669182837
1385539747
1745083881
1129283100
505443741
1967436381
838560669
1637847659
1559639933
683196161
799118117
451294376
851990213
1902378678
1220686024
2025144430
380302841
1267334359
1951819941
265897838
391446668
1468460357
1716898022
1789818316
2078567956
230274864
971566438
1491344653
1772030469
390656944
1314267881
1293729658
1776196691
911868114
275529111
134156784
731820848
1114089780
1772004443
143977133
1797285942
423638912
595271510
501792507
178533942
1815957534
379453290
558836783
935808245
183789583
824734621
1327254913
1652249941
394148995
969589581
1583334249
624423859
1941156019
927195254
248970681
184329315
93979487
1542700339
1960526006
1005847602
1818229450
2094682790
1737668450
784835583
1719203585
1881645583
434637877
2142842497
329433445
936430384
173892791
2145390979
1315883674
732729574
933715576
1499673258
1557464196
113486841
1004439551
1951613191
1083076422
440290152
428553403
876748794
1367485406
677524084
1061078109
1461464893
72740775
874120468
319828847
1890970226
821319610
2057497297
528322161
393039548
1791659233
962960038
388398397
2121092678
1899390422
562291189
2119000010
1067790449
1295020763
905231938
419980059
705001311
1018718780
1424419610
509130855
2101795202
1864709762
937684258
831060348
1084711520
1615208342
1892138458
398692765
1687949117
618775278
718521613
1431435695
1440094888
628535262
1959757856
1833134436
272710847
775234246
74049186
246319878
527141021
636340375
217836240
1594931470
1931361138
1123068178
2014911529
488878802
2141786958
1291847491
998009657
2096098513
1009073605
1935693915
779675213
2093785125
1403418609
524330023
344994242
943884078
1143105301
1063515855
227836126
435716542
1692051118
40110334
121367330
1964761965
815344581
195416516
63598195
1342485602
831756891
281434435
789933424
615634382
1404502614
657361305
1104513184
1398805924
1949208796
2102522841
1347420789
810798753
1890733108
2127096003
757100230
1146668069
503942378
1102094472
2090552147
1647047680
18126680
170904625
2082764222
1710177798
211014960
56647904
1527456115
1026359541
252064421
1591054311
221361495
1083821312
1872488746
1011294919
1699455694
1129507712
1668656224
656485230
380829989
1470381372
611524423
1728250778
133696477
354773883
1707863133
890796707
1501441952
64321864
1992891179
1444510452
1711369544
2011017859
1615415077
1646650118
1573712009
1826430037
1703298022
953684477
705305930
1955362443
397255140
926667425
891700108
122260238
1937962344
443672154
1251767951
1459134920
1100157385
1632597940
782032644
1711681808
1213365070
