100
1340979680
1522835510
446815124
1180050937
1266951606
76905443
2131410375
1581432254
854420374
2136047221
2128241303
1219309278
1236994012
983174979
853945667
1865388380
1778994283
942634035
976443237
2106447750
41736276
1472683598
989415694
112863060
1760465459
403195135
819910774
1037393324
1186157275
1349567994
2032777864
379653307
724919856
332109340
1559704245
1991871463
409014783
1543630972
1425820069
1263435157
1532194545
1406577724
335260787
621704909
242269055
1189206455
339609641
2021263338
2131840490
1316052878
1980227440
26093118
641252829
822159486
138956178
254234640
1225354621
958866952
1291627964
264028248
160951298
1176922180
643681556
885871155
1509031521
55902153
730258970
1918046304
1599533125
8595391
1033997814
984244022
1415173115
1369258601
1605948932
1657442170
410981408
1945558573
1531221861
395338250
1114127804
1363965653
421431369
1755380633
38641492
560387547
2009615273
1263996113
1519254500
1153759590
1528024362
1680205798
183198122
24222270
418593305
1692229643
80124423
1148852275
1462792300
1679657548
