1000
2232514
3120498
7602965
10610652
13583472
15282880
15291975
15762980
20800614
26143247
26911078
27468762
28394270
28538363
30539071
31296749
34486533
34676322
37329387
40280600
42572798
46031211
48082480
50439302
55498509
57664997
58544735
59124171
63629660
65033609
67219493
68441907
71050392
71273646
71602031
71871975
73679251
74865301
75749321
75787076
77543653
79474940
85498198
90041362
91193010
93136412
96551875
97014379
98087670
101073611
106242232
109178378
111794289
114488620
115459664
115759881
116969288
118845254
126742939
127218439
129501244
131531222
132566755
134577230
134801144
135325558
140877806
142064072
142068763
142790454
146743868
149772627
149968641
150097893
152046945
153194346
156827383
159986174
162155449
163824544
164000221
172149930
173653124
175910081
185539012
187015461
187870064
189316666
190096628
190276207
190682262
191020389
191411396
195849265
198300288
199122484
199353748
202225810
207947664
209680431
213438122
214077375
217641329
220203018
221234437
222178830
223864132
226802586
227158345
228881192
229955621
232222285
233877175
234497007
234761310
235725266
235874755
238378601
241250440
245973897
246898121
248717989
263318250
265480855
270931171
272911674
276612199
278157751
278601373
279172071
280829054
281287653
283061568
287081646
289211566
291370846
292650021
293106412
293833714
296118565
296570952
300289000
301761210
302289600
303409498
305507618
306256279
306639208
310433117
312967864
314236251
317603316
322981722
329772774
331160829
333406957
333486476
333662349
336054648
337390275
345727828
345834971
351026385
351766665
351840805
351852544
352729881
353384146
354447208
354726651
356562790
362296908
363704147
366151590
368904636
370333556
370533562
371032084
372581353
375710587
382054073
383071271
388724145
398686892
399500940
403442186
407051067
410289027
413199860
414878133
420206930
421421080
422888473
429437389
429585433
432160984
440272655
440736447
441126442
444200124
446425159
446642503
447157024
449504637
451140207
451745932
456496511
458729025
460097646
462480062
464484023
465861126
469012831
470468486
476825861
481870136
482271917
482784449
488205160
493172359
494327359
495211850
496242702
497899342
500084685
502395770
510248292
512139205
513731217
514016967
514019632
515376660
517222484
517256355
518334458
522064731
522874734
526234645
528563796
528582651
528622661
529502347
531032162
532034962
536260274
538771009
544731283
546723037
547509051
549312369
553273200
553656572
557736257
560451710
564558072
564689084
565955344
567057753
571586031
576848056
576888662
579201705
580093078
581219733
583867437
592485076
595375958
596747782
603748725
606053786
606668072
608541661
611034011
612962933
613297405
613360364
615092894
615526731
616025344
618182718
620704781
621173192
622873915
625670516
633619279
635046537
638714570
638924912
639078459
644961764
650833525
650918673
652011610
652029623
652482957
655441489
656779051
658260995
662087870
668935257
669720146
671455460
672768821
678995171
679114048
679618471
680159648
680600462
681898672
686194691
686708686
686817604
693022756
693203000
695319566
700136137
702347463
703499658
704015920
704570693
708622395
712927104
715584935
716822711
718755004
718802593
725473363
727433363
731875210
734965520
735746978
737477131
741790593
742546838
745020411
746934233
749742233
749794721
750256491
751341746
751617199
754126865
755781650
762474596
763250139
765583783
767334245
769543131
770534437
770702361
775488321
776588920
779261443
782581704
786901931
787657340
788122351
789435625
790445924
790537092
790874353
791627605
792723508
805292050
806534069
808453347
810129306
810915772
817068237
820611914
822030215
825010753
826743606
828321010
828894941
833747034
833830413
834928339
838204174
839810579
841207752
842136468
846180052
847804078
849792101
851221151
851637325
851699741
856255530
856409045
858788310
861078447
861928377
863045028
864662987
866711521
870196702
870300733
871088419
873774714
874358889
877071381
877231664
882449252
883619888
884477644
888029103
891140953
896641244
897631206
897668536
898441750
899491183
910923888
911478096
911946407
912162815
915257191
916195456
917623596
919408412
922279719
925088958
929659173
932278710
932730173
934671754
943977311
948528859
949123119
953201577
955106591
957050409
961846817
962366600
968396562
969641904
970023523
970035652
970733449
972822785
974453715
976759123
984442021
995123351
1003530424
1003767013
1003860133
1008371694
1008902722
1011085927
1012928622
1013592250
1018803726
1020779743
1021433627
1022481846
1023162122
1024363829
1026332431
1028325139
1028781163
1031861430
1033857439
1035409522
1042168834
1043741534
1044055584
1044281821
1044530283
1047907789
1051276690
1052255913
1054302777
1055907390
1058850562
1059499928
1066953842
1067290167
1068591292
1068899369
1069265962
1072218540
1076154401
1076584699
1076631925
1079224284
1081502497
1091499137
1091561204
1091941022
1092612764
1099558234
1100052854
1102302061
1102510238
1103960805
1104773064
1105328667
1107496662
1107919258
1109385488
1110274824
1111104073
1111782763
1116251427
1117178288
1124474046
1128246707
1129551178
1132018361
1133363226
1134238584
1142195965
1144090528
1145395326
1146411485
1151025756
1151640617
1151986974
1158496701
1160241734
1162221261
1162557432
1162763442
1166416751
1167403597
1171898523
1174175213
1174614710
1175185186
1181002637
1182000414
1187997741
1189851595
1191987770
1192605707
1193031556
1193847856
1194212686
1195676276
1198697489
1200625140
1200826119
1205224915
1206505738
1212288707
1212614820
1215893565
1216701935
1217842900
1218319196
1220126995
1225318748
1227758971
1229638485
1231148258
1231548887
1236563487
1241415771
1241709546
1246386366
1250364031
1251470507
1257683950
1257920452
1260239114
1265701847
1265713821
1267923169
1270930072
1272104841
1272344033
1275185145
1275535666
1275740689
1275782984
1276678687
1281902408
1282373908
1287428299
1289525699
1290821558
1291556511
1294273255
1295049271
1296871726
1299591378
1301496273
1302906968
1305913683
1311361074
1312759504
1314394775
1317369759
1318719550
1324228405
1324720701
1325326129
1333872360
1342636504
1344240921
1348511263
1349123694
1349668846
1350397768
1350989449
1352050330
1355075758
1355259772
1357850449
1358256340
1358505894
1360270215
1363625024
1372577242
1377752298
1380040262
1382025217
1383002959
1385598197
1386199574
1387051288
1387882808
1388955789
1389210586
1389395774
1390825130
1392320639
1392612017
1392932663
1393539270
1402306327
1404687719
1407197277
1407390961
1412640258
1414592130
1416214735
1423249827
1426145566
1426667347
1426945192
1427028443
1430733161
1433694613
1434087324
1438331260
1440422508
1441921833
1443371965
1444156928
1444709095
1445661201
1449591104
1450331812
1452212369
1456620949
1461107649
1461278357
1461952411
1462766242
1465456383
1469532263
1470457932
1471358574
1474006798
1474837144
1476216568
1479300277
1479719045
1482174409
1482576900
1483748847
1485439607
1491732918
1492726966
1492788502
1492807609
1495561309
1495609066
1503592114
1505720302
1507561452
1508005269
1508007770
1509455983
1509689017
1517774978
1518328517
1519660945
1519930392
1520330320
1521415979
1525868734
1532888738
1536913893
1539800481
1541974478
1543403442
1551321076
1553480860
1554631672
1559201218
1563988638
1565225835
1566040281
1569257087
1574795707
1576114208
1578422261
1578501271
1579379190
1579608658
1580473234
1582356707
1582466833
1585928421
1586694201
1586880438
1591593696
1595850063
1598288164
1598292533
1600416152
1601342777
1601486934
1604162385
1607832552
1608267273
1612167397
1612983815
1613106602
1613154594
1613627054
1615425024
1620785210
1621601691
1622415856
1626373670
1626877455
1627833624
1632886747
1635262285
1636733931
1638539256
1638599955
1638857475
1640656777
1642457216
1643575478
1643957999
1645155709
1646166324
1646191581
1646640659
1649714364
1657843668
1658463963
1658466227
1662566089
1662865574
1669460820
1673624776
1675390156
1676274459
1677157703
1679657753
1679801420
1687208249
1690784217
1690842952
1691647435
1693256308
1694358666
1697075073
1700850672
1701659978
1705221450
1707227450
1707966366
1709650641
1710186621
1711741716
1711982886
1713497880
1715906290
1717014045
1719745075
1720862157
1720882191
1720898251
1720970037
1721365269
1724868505
1725875233
1726180493
1727599699
1729386935
1732763158
1735337840
1735749064
1741061148
1743023564
1745494281
1745925085
1746629284
1752828767
1756104933
1757177706
1759013406
1764120273
1764652833
1766727260
1770186796
1770952539
1772777525
1773259295
1774529924
1778912072
1779463761
1780211576
1780767121
1782725540
1782877269
1790515957
1792024977
1794181964
1802682019
1802727751
1804994774
1805292729
1805495210
1806235828
1807009739
1807516183
1808068082
1812021170
1817032400
1818127279
1820911252
1821643197
1825072802
1825129117
1825494387
1828125992
1829972298
1835535643
1838838069
1841958567
1842035787
1842554615
1848124596
1848752123
1850198689
1854444914
1855475481
1857673247
1859981597
1860602463
1862588964
1862734421
1867717111
1869917382
1870982941
1875072223
1876130804
1876485412
1878674026
1879597700
1882844997
1886330733
1886758105
1887870764
1892567629
1899708738
1901609364
1905257387
1905311464
1906051856
1907447455
1908195035
1908724574
1909620208
1910036455
1912098886
1916244440
1918718364
1919697039
1920827321
1921483729
1926713434
1928826690
1930877063
1931882470
1933959942
1939205058
1944367890
1945345718
1945545609
1946161970
1956628568
1960622895
1963678177
1964103124
1964466855
1965579385
1972708305
1973014372
1973449861
1975645584
1976375052
1980028038
1981434218
1982027829
1982777231
1988176959
1989507156
1991873553
1996307814
2002487432
2004124342
2006230149
2006243873
2009147669
2010664439
2011307300
2014833050
2016571229
2019350876
2021897817
2021952731
2022915796
2024172863
2024844851
2025564347
2026527166
2026711723
2027368774
2027785033
2028727669
2029970140
2032954695
2036754373
2038416327
2038707926
2043648415
2044283387
2045899331
2046578500
2047486268
2047576896
2048312198
2049059043
2053362800
2061521657
2062321460
2063617775
2064513420
2065447470
2065801816
2066394737
2068820028
2070076377
2072474956
2075634657
2076315820
2078852822
2080444833
2080730350
2081723589
2081980363
2084767794
2084928342
2087403788
2089725659
2096257998
2096328695
2096432321
2101138721
2103667529
2103932502
2104971619
2122805084
2124811626
2125361802
2125489757
2126284979
2127224733
2130152554
2130678737
2131489776
2132369887
2133434999
2135110758
2135398237
2139465750
2139632527
2139645360
2145368066
