100
18237454
86461537
151307885
190092400
200978920
221630630
226683961
230483000
273124233
278548355
287440458
301313836
308092168
314134110
324548139
328026362
333710163
333729532
351966986
361676391
370830258
382288504
436867609
444198363
452020518
452113631
477759773
532528398
540123716
562325174
582394944
583118970
587904780
595532626
608418080
638769919
720320948
760205799
776623261
806305190
810393700
840873529
871681598
880123137
888903430
891464102
916124476
933275873
942128243
1069513803
1070294255
1097310279
1102128242
1103010736
1107619026
1115329978
1115647368
1167563595
1183501753
1226794635
1260444664
1268091463
1271156873
1276813342
1297711427
1300669312
1393512670
1432167165
1435838405
1439042635
1460282146
1467296965
1481697705
1484709793
1514746202
1521387755
1548403779
1551677284
1554441807
1554820997
1592290381
1651908747
1665726597
1697312274
1715355236
1763096221
1784830285
1838127223
1839138516
1848620159
1866998298
1897252765
1942039197
1978631278
2057410896
2077751634
2103490889
2113833619
2120467624
2121744393
