1000
1571699
2805429
3701577
4375513
5020881
8413545
9664350
10456729
14092522
18864373
20212226
22797749
23323950
28511163
30248363
30293249
32068657
34177278
34438456
34889822
35218133
37556961
38552791
44938129
45076810
51670945
52592433
56168610
56423978
56782526
57937908
58966934
60802222
63109955
65066611
66320286
67084119
67449826
68080862
73776102
74878576
75537898
80558251
81146466
81524929
82840796
84324622
84762794
85175032
93176339
94272595
96157434
99818796
102100227
103583282
108489690
111309490
112050289
116994382
119572096
119751808
124355657
127886341
128345459
130621602
133677767
134287157
140604510
143730020
144509900
144510576
145522525
146176123
148765922
149001294
149025758
149404862
149946407
161367926
164063344
167909468
168054215
169983513
170160648
171652051
173007870
176099677
181939412
187844724
191557937
194185780
194233168
194262032
195996385
196517329
197314362
200453897
215681656
216386612
217485725
219810881
222709225
223045342
226755827
227401801
228289911
228834522
232765259
233687408
236508824
244901738
246834393
248497505
248892060
250996770
252363901
253140143
253606379
254057838
255117604
255852505
256937159
257371987
257572814
259487990
264511331
268981093
272589708
273666085
273668202
276697343
279952291
280416068
287919444
288320840
288424570
289275971
290988331
291683029
296966677
298328972
298940321
300341240
303313748
303345351
304102993
304689099
305880579
310241378
311016530
311028925
311118590
311222025
311562891
312518148
313424528
317975868
319547567
322704716
322704813
322936624
326229021
326484784
333501380
333609040
337237533
337876893
339973360
343074347
344798389
345284293
347535285
354826741
355208628
356687371
357070939
357567611
358094505
358620113
358726091
359486460
363092647
364165398
364288550
371552819
374090869
375871925
376429685
377754707
379263644
379363128
379559549
381807605
384426738
384797408
385791105
386218693
387894181
390398624
391608250
405234755
405865836
409567413
409676467
410999244
414525482
415533919
418299879
420138648
424307172
424875360
425982976
426344566
427265039
429017852
430212087
434278278
440599382
443754754
444134765
444723650
444736861
446366584
450822965
454687785
455630299
459091540
461524696
463243126
464571527
468758170
471305980
472237037
473639682
473740342
476008460
479301786
481584702
481792044
484565942
485681130
488238976
489311359
490215578
490487174
490732148
493697422
496377427
497423943
499866307
505028843
505047500
508131722
508385552
512921382
516530346
525281232
528447068
531964186
533923071
534271642
536541861
537973219
542699609
544927711
545368164
549247157
550179744
550762578
554128161
555050283
562165040
566602681
569495331
569989740
570087254
570493552
571828603
573019041
573168784
578678957
581568965
584994951
588190284
593165120
595165039
598251770
605240227
607424566
608800206
612271288
613516137
614603506
614818505
615206307
615863499
621790194
622688527
628799882
630011357
630378971
630877957
632610689
633982008
636472111
637884685
645055706
650795874
650827439
651561730
654026456
655608869
657063354
657936979
659307276
659995047
661110262
664817428
665025424
666719407
668350774
669567822
672047154
673005101
673254505
675723291
675991154
676623093
681152385
685173955
686461967
690766708
691467395
691753416
695065791
696509255
702611676
703428440
705629790
706909430
706964484
713384689
720615113
720689916
728229369
729049160
730576841
740552659
741211293
742242073
743627318
743637748
744967670
746179046
747101251
748815026
758429537
762805286
763113622
765266116
765876364
769915554
770336822
774179459
774932569
776736970
777067408
777906588
778084702
779729434
779818598
781189084
781794021
782534863
782868871
787154719
787571351
788748555
794518575
797568592
797920995
799627831
804514576
805853044
807518677
809399909
810379325
812943662
815288878
815833140
816351437
816628580
819250312
822796269
825624387
834801678
835557025
837264841
839529091
839977539
846783239
847576129
848876092
851051273
851572211
851611855
853462918
854675651
859609631
861391500
862516526
862627480
863331096
863705586
865639826
869896969
872728387
875054750
876487530
877850995
878474004
879225160
879562436
881294158
882441258
884915668
886847570
891868887
898234512
900374796
903084854
905101837
909382691
914648853
916141756
916204740
920125654
925496068
925806106
931870166
936297301
938548915
942985339
943617651
945680611
947279320
947540633
952260493
954976389
955461990
959298532
961662578
963035485
964974782
977004071
977167013
978072495
984111772
984790558
987504334
989444720
991502656
993308411
997688687
998927778
1000193593
1000988751
1004661934
1008117539
1011528762
1015707054
1016584892
1016706507
1020980183
1022911816
1024334621
1026885634
1027029632
1027193330
1028160371
1030455522
1032563926
1033752337
1035598907
1037202279
1037796748
1038568121
1040455660
1041573084
1044174444
1047008295
1050752890
1050889816
1054390543
1054654278
1054656234
1058155461
1060899282
1061775980
1063980369
1064948018
1065458748
1066901964
1067546278
1070406482
1071614213
1074031074
1077373251
1079306950
1079571478
1081898118
1082070801
1084984643
1086495586
1088914744
1094165517
1096614975
1096918821
1098303474
1106479104
1108931939
1109297474
1109801823
1110857488
1113782335
1113995061
1117184411
1120446941
1120789163
1121235121
1124077470
1126986178
1128151503
1129066191
1133450411
1133571133
1135609909
1136283840
1138434878
1139263510
1139707586
1140200315
1140327245
1141807568
1145648295
1149187808
1149209558
1149300326
1149441702
1150086128
1150727195
1151348940
1153103748
1153347580
1153804159
1155966914
1157746784
1159054835
1160535244
1160552212
1161030699
1166043244
1177006313
1179912692
1186243894
1186376839
1187844822
1189177359
1193641432
1193656429
1194206534
1194605991
1202724574
1203705572
1209678759
1209749332
1212113469
1213725551
1217260203
1223005954
1224746428
1226233572
1227558155
1229417808
1232325695
1234418022
1235821035
1237492015
1238147397
1242377487
1247079572
1251090944
1253143179
1254791268
1257252597
1257387441
1257779974
1258224452
1259447242
1260926277
1263966000
1264072014
1267781737
1285254616
1285432073
1286294253
1288968547
1290998641
1293569891
1293758943
1293841956
1299471994
1302172489
1302918190
1304489889
1307761801
1309636152
1311089810
1311673600
1317754318
1317885806
1317931556
1318816015
1321644666
1326599852
1326838869
1327521338
1327722287
1330349893
1331381114
1332693169
1335687766
1336870581
1337316404
1339411223
1339724509
1343666705
1345250900
1345727513
1350537814
1353105991
1353921165
1355754684
1359208328
1360161671
1361593751
1363362986
1364123167
1368938075
1371200138
1374999495
1378319929
1384910286
1385155327
1386307817
1386683139
1386893881
1388263318
1391322512
1394464635
1395267462
1395348828
1395945080
1397003120
1397604012
1398054582
1400619887
1401792041
1402552068
1403178471
1406812201
1410037603
1411041133
1411930065
1412527580
1417830547
1423153141
1425591652
1427343837
1432676278
1433478447
1434156354
1435422319
1439267566
1440095116
1442017514
1448497752
1449607486
1449750744
1451800379
1452553925
1453592901
1457792520
1459520420
1465526527
1469601819
1472934253
1473479947
1474975775
1479483769
1481463704
1484687008
1485241300
1488662679
1491753776
1497581778
1501983235
1502426362
1507968989
1511395069
1512678395
1515116304
1515589175
1515897856
1516504689
1517090075
1519261336
1520255465
1521613267
1522110956
1523126853
1526035277
1527882174
1530529350
1530972217
1533003550
1534060517
1535000663
1540021544
1541070785
1544955831
1545354555
1545502602
1547366070
1549338322
1552009080
1559897541
1564743477
1569184408
1570440223
1572148302
1572221306
1574085422
1575155486
1577071540
1580942675
1585962290
1586019372
1587382027
1588803409
1591118166
1594620383
1599485664
1604101550
1604757855
1604897900
1605042011
1605767561
1605805251
1606339484
1606414318
1606602829
1608041178
1608541449
1611085188
1611271136
1611702650
1612903192
1617135285
1620243728
1620611267
1621419110
1624037456
1624274814
1628649313
1631791199
1634047388
1634445055
1639300920
1641633139
1642580828
1644413608
1646156382
1646764351
1653570875
1662072117
1662312969
1664366544
1664526670
1668783241
1671436926
1678872788
1681763208
1682981193
1684784116
1685073292
1687290516
1696169015
1698470575
1703491334
1703951023
1706063263
1707225186
1711658071
1718378603
1719789896
1719955486
1723412036
1724255295
1724572620
1735965170
1737454940
1738937331
1740951694
1744625254
1744866389
1745185279
1748692909
1749145959
1750559578
1754157401
1757069768
1757105859
1757418831
1757494553
1761922102
1766713423
1768548032
1769498960
1770053704
1770554162
1771198382
1772016859
1772469909
1772871678
1774710756
1776352013
1781056696
1781557203
1784021541
1785453340
1786589908
1790997676
1796384284
1798956291
1799585125
1799746998
1801973678
1802328689
1818238561
1820723276
1825178962
1827493263
1828203946
1829856733
1832069792
1833812727
1836659634
1837153482
1841913631
1848764430
1850578025
1852577229
1853285404
1854594668
1855871216
1857171593
1859579278
1863692139
1865973469
1870797803
1870914072
1873048567
1873361227
1873967869
1876821202
1877774287
1878361897
1878452240
1882269374
1882507007
1884805278
1885556434
1886663325
1888818626
1891865957
1894130902
1894675853
1895069910
1895908170
1897553752
1897860300
1901268796
1901376146
1903090160
1905511299
1905677506
1908111140
1914346345
1914956088
1915295654
1916003257
1922471958
1926224330
1926290408
1926327720
1926452645
1929307545
1929753239
1930146373
1934407464
1937553755
1937808812
1938530828
1940742683
1940766679
1941040942
1944121960
1946108118
1954912901
1955179069
1956987219
1958559537
1958871058
1960127104
1965136476
1965409656
1972592995
1977460608
1979581645
1980743473
1998073281
1999452727
1999704862
2003637942
2004773235
2007912958
2019563725
2019889681
2025617981
2025681602
2027683236
2028862762
2030203088
2031668192
2032584064
2037953886
2039278918
2041962393
2046024742
2046690702
2048320641
2049407066
2051953554
2054683017
2056375178
2057342456
2058086958
2065931210
2068203895
2070008899
2071598680
2071850245
2071929579
2074342500
2075865440
2077068063
2077329557
2082247984
2082636597
2086479459
2088728959
2089517383
2093409246
2095660906
2097959285
2100772954
2101191890
2105354747
2106782350
2111317138
2112321294
2112737777
2114384425
2114653919
2116726451
2120542215
2122324105
2122407155
2126003981
2126373837
2128349053
2131389156
2133515811
2133764726
2135306740
2138514941
2140672805
2143293555
2144221455
