100
40257281
61415282
66162071
73740072
103609366
135155354
179986203
210832901
242982415
256418168
258007648
281199285
285563849
296675449
315826533
316722487
332559563
347933116
390336831
420986894
436413799
437204998
437993852
438124925
440688294
451877841
482637761
515226443
581850019
619183410
621481976
659227871
662530342
663969309
706662187
724974253
768201611
828461756
828583619
830016311
893658195
894094006
895110340
915661145
919260165
927985935
964290336
979795842
980691797
982981902
1010463458
1032866737
1085057627
1096999018
1111049241
1116134727
1124406992
1138972221
1231036982
1246591248
1289710712
1293237785
1303460849
1329542186
1330507805
1349694727
1370621477
1396669876
1420975754
1432569638
1436927157
1459490454
1462480128
1463206209
1567454752
1644162284
1679145110
1733602606
1744100107
1758155631
1777231920
1811565521
1890264853
1908838161
1917170661
1925460775
1929723623
1931544747
1940382004
1960487639
1978249762
1982995020
2008639433
2012779003
2025299392
2039354917
2061346001
2111179246
2121578857
2126598186
