1000
2620591
4341240
4503190
6239704
7134494
7772856
7999203
8551079
8556432
9803485
10570806
12073744
12599270
13731056
15555145
15790794
18675860
21620838
27067094
28073661
30060352
32300766
32457568
37873354
39000134
40716215
45523603
49933415
51954582
53700764
53804971
54855644
60576944
68851384
69213032
69266319
72589398
74407858
77245757
77350315
77378089
77775195
79551671
80351909
89040078
89098885
89940907
91081544
95963163
96835291
97064294
101113823
105092201
106143786
108233122
109541322
110254067
113019013
113198675
113320716
117306182
117819961
117988444
118784799
122940669
123177305
124635213
126829090
128325052
130213102
132595652
138970448
139633842
140442968
146580959
151567099
155999668
156793441
157278922
157952157
158843591
159499138
160952702
165117754
169964098
170344240
178802182
179887621
180385305
183867865
184964215
185444111
188025203
196710613
197411758
197758639
197960407
198506184
206279040
207084130
207367585
207579362
210220132
211679882
213075267
213199000
215025154
216849846
223373017
224914957
225263833
226827831
227347855
228172524
234281602
234467431
237905563
238489049
239742070
240075080
240846093
241688328
242241584
242601053
242674519
246608407
247625927
247703267
248064858
259919236
269600587
269941418
270016944
270649607
272079990
274325213
275436442
275602252
277665348
285491902
288493302
289510175
293884203
305107303
307702807
311860446
314398212
314887964
315525414
315714962
315759970
317164024
317401013
319112486
319190236
319619673
322397415
323389082
328526214
330767711
334815888
339317176
345794652
346179580
355508728
355683132
360272926
364642331
365212560
368508413
369071813
380584624
384965747
386566670
387206726
388929564
389227716
390408230
391845232
392805891
393303576
393395274
395558653
402914593
404372157
405862795
411713833
411814962
418017825
419214986
423708322
424723814
426244854
427523770
429732097
430347916
430362700
431464134
436943715
437575517
437923197
441230399
441384953
441829304
444148095
447336893
447992513
454479444
459119513
459361376
460513681
460880553
460881474
461642747
461971310
464857126
465756154
468236054
470071593
471015912
474130070
475777807
478229405
478904766
481113548
481269895
484284747
485925340
486227145
488091760
493040092
494508811
496019940
501463565
502128357
505292501
508430468
508800550
511689632
516779772
519175012
519276369
519545494
522028481
522317648
532389237
533200655
533281798
533981379
535117331
535156491
538135296
538595822
544665695
549449003
550291882
554638763
555698424
556707997
556811157
559073087
560708076
561921420
562827840
564863194
566237907
567379709
567622043
574867954
575378912
575665053
577503807
584095667
585190177
589103688
589846670
591740121
592414244
593495085
595942633
596145915
598734286
603061020
603149767
606713569
607862141
608767526
609511874
611216759
624211874
625179717
625267278
626629486
627809354
628178426
629250077
629255602
629971128
631741219
632040872
633101057
636765629
637200373
640242159
640306092
642823121
643244009
648402850
648575619
657997936
661420120
663483586
665132430
668491946
668962733
669263784
670573072
671605646
672727805
673459049
673870781
675179752
675979493
676109928
676471082
679974410
685756661
688154658
689821106
692984784
693292317
696803805
697723453
702088174
702483721
702617852
703260224
712035391
717660699
719123716
723464956
723588223
725009896
725825363
726818056
727842184
729831409
731040385
732144792
735366996
736393263
741042045
744645056
746714007
756956528
757531998
757941504
759073537
759874805
759972932
760624574
766822320
767824564
773057062
773893874
774898119
783636380
783918150
784171118
789405949
795208285
800471454
801344113
805322388
806288851
815911709
816088178
822420207
824303473
826742006
828628380
836106332
837839458
841658892
843952311
844884898
846985761
847100029
848217524
850764287
851475935
851956784
851971356
852767562
862446011
864719917
871223838
874866973
877650278
878183889
883666940
885124741
886429312
887659375
890539523
893205424
893913023
894567857
897710816
897776327
899212006
900258646
903701967
903865888
904533089
906497758
909684600
912024838
915983737
928185285
928570055
930585275
931208426
931631634
932277261
932353395
934264671
936320693
939419130
944520388
955227902
956050611
957402769
958251445
963167263
963529051
964664789
964935093
967020310
970937565
971248563
974485570
974825566
974890536
976738534
977664833
979362578
980820861
983029244
984720137
986604849
987938559
990863965
1001127954
1003053180
1006108700
1006553362
1006831877
1008211333
1008318674
1008465899
1010814947
1013623986
1016654671
1019078948
1019247598
1020650895
1024031209
1024882949
1026040804
1027504561
1027710394
1028678273
1031099969
1032398235
1035061172
1035353371
1041124238
1044616741
1045900178
1047134944
1051720366
1054926145
1055713803
1056470510
1057669659
1058652777
1059575630
1059703226
1062497426
1065122141
1066531443
1070804548
1073591926
1075093433
1075497177
1077852357
1078255810
1079105532
1079568610
1082239522
1082712529
1087191909
1089237007
1090127537
1096969473
1104370856
1108517638
1109129402
1109876900
1113045189
1113996454
1120358549
1120446185
1120795942
1121545413
1124538647
1125721500
1127347749
1131463643
1131763969
1132032040
1136915182
1139658161
1141598644
1147751662
1148795571
1148891261
1150390383
1160831117
1161747841
1163154436
1168067876
1168809772
1169822969
1172439406
1174405866
1175320104
1177324694
1178778714
1181775251
1183559341
1184817251
1185240041
1189480244
1190988558
1192843780
1196183840
1197720387
1199432240
1203286613
1203551739
1204755984
1207892979
1208230781
1209575852
1209781713
1211627574
1213709824
1214704180
1219207467
1222523048
1225561073
1225872641
1227091049
1230342096
1230473832
1231982280
1234515985
1237057689
1238249520
1238658767
1239874279
1242792850
1243965467
1246162836
1248255967
1252676627
1254038495
1256024471
1257211991
1259709775
1260216222
1260464552
1262449620
1264434579
1264909054
1266634330
1269342230
1271544882
1272062799
1274063111
1275977353
1279103244
1281495331
1281814729
1282976143
1286346016
1290585537
1292464703
1292677145
1294816475
1297211668
1301357733
1312495851
1322928787
1324603091
1324685547
1324839899
1325548208
1334444364
1334641844
1335143422
1337455123
1338458430
1344393235
1355113262
1357336308
1357537539
1358035576
1358048655
1365134065
1369417677
1370904057
1371619526
1372792768
1374753881
1377875096
1378077383
1378979503
1380051706
1384461427
1392883219
1395112719
1400393362
1402151499
1405191808
1406082265
1406610119
1406938795
1408650528
1413426720
1416870650
1431874280
1433572511
1437479650
1439557172
1439639161
1442975378
1443368169
1444692788
1446997568
1448455817
1449736714
1451599845
1454211430
1455903953
1456690256
1456752418
1458151840
1458807051
1464318376
1464510533
1465285911
1465427565
1465570845
1469329472
1470375314
1471108240
1474436445
1477190505
1477495699
1478188652
1480860327
1481693695
1482541894
1484103425
1485859396
1486787937
1490223342
1491096396
1493418950
1493487544
1493922148
1494328897
1495868461
1496409769
1498262954
1499318140
1501441340
1502343082
1502385765
1505433853
1509172063
1510372895
1511985747
1513376904
1513662695
1514802240
1517165613
1519978749
1521224647
1534164331
1536010859
1537215192
1538396724
1538917094
1540223677
1541677047
1543608511
1544760849
1548218689
1549623182
1550245985
1550878694
1551000553
1551810389
1552266997
1552533705
1559888361
1563685794
1569003976
1570599651
1574837993
1582088933
1588034168
1589386125
1590635919
1591783222
1597430822
1602414251
1604402009
1605728880
1607056791
1610021546
1614017933
1614694018
1614861279
1616469817
1619051661
1619076337
1625283751
1627375973
1633802541
1634411290
1637796615
1639262992
1640129629
1640186893
1640436172
1641077533
1644315804
1645108874
1645959132
1649929474
1652083750
1653660431
1654119289
1655047197
1657749259
1658939064
1660915559
1661799506
1670345751
1670847486
1671520619
1672400556
1673805646
1676166383
1676173564
1676743437
1677027099
1680488071
1683504075
1685538881
1688060090
1689149931
1696028753
1698921148
1699054929
1701723567
1701845589
1703827775
1706461839
1709316600
1711732921
1716346265
1717334744
1719373160
1719915012
1722010107
1726561485
1726971984
1727004616
1728093258
1729543100
1730192613
1732126698
1735524454
1737241524
1737899259
1746027239
1753779643
1755065232
1755164576
1756983643
1757259707
1757295597
1758812746
1765982201
1766617242
1771772895
1773220630
1780759884
1782995548
1783216793
1785445374
1785446796
1785602100
1786096738
1789246177
1789675630
1790742138
1790942288
1794766029
1795168951
1795915334
1796448300
1797876632
1799922890
1802935617
1803723157
1804520070
1807232261
1809025057
1809968308
1811582888
1812784820
1814680565
1815059507
1817055654
1818842847
1823324396
1827039908
1828341681
1829506096
1829690787
1830517721
1830585177
1832620918
1832952446
1835596340
1838194070
1841620814
1844059759
1844439372
1850311385
1851399934
1856043010
1858151471
1859816919
1865899288
1866551961
1867242336
1867690994
1867736058
1868713892
1868793464
1870513153
1872647818
1873348610
1881104435
1882015601
1882524520
1882539759
1886620507
1887194112
1887692964
1888127862
1890565097
1890838284
1890886977
1902876068
1905314918
1909312318
1910951362
1914237670
1914528223
1914655432
1916075267
1918442369
1920898636
1924026444
1930801884
1931357935
1933809694
1934565377
1938552746
1939124793
1939675541
1943653116
1945848886
1948988438
1951812303
1955529282
1958791923
1959508131
1959548270
1962112528
1964399024
1967546214
1969573037
1971825951
1971862533
1975662592
1978959321
1979798319
1979980190
1980187975
1980842560
1981227150
1982889932
1984426051
1989355218
1989745887
1991888401
1999120750
2005967442
2009723770
2023681054
2026256522
2028604876
2029651643
2030747441
2030991650
2032057444
2035114341
2035178576
2035586421
2035733619
2037910172
2038049642
2040399656
2040914582
2042966700
2043805404
2046160343
2047129957
2047886669
2049024227
2051516472
2052526890
2053513853
2054660865
2060166399
2061775134
2064310754
2064866779
2066551074
2072158327
2072388564
2075718108
2077708562
2077938894
2087411637
2089981052
2092910454
2093410272
2094913529
2095501071
2095689555
2097040076
2103439288
2104716667
2106481682
2107054033
2107337258
2108516844
2108915481
2109288234
2111147144
2115610465
2115755852
2117471989
2120090535
2125661206
2125712015
2128251175
2129750747
2130710277
2130734273
2131227225
2133467352
2136369592
2139968362
2141681312
2143700308
2145987686
2146233854
2146379240
