100
46259831
64399404
86841326
154594496
208515849
212609204
232636463
250301445
263082560
268561407
291885606
328300297
378726933
416745088
462094480
501154542
542187051
549882804
554363377
557025255
585007267
618021232
654581335
670525720
682434810
691801705
706758505
717127285
718577634
719366301
730357514
769715950
796758361
811297809
815047302
817198840
879446706
888371715
920913984
941833243
947302592
960589400
1004020362
1011004112
1011977285
1012999272
1022155985
1046877932
1155487255
1173198604
1195925773
1224586489
1248247704
1263195088
1266170650
1304090195
1356560774
1372009666
1376099749
1403045783
1415240412
1415893222
1421173618
1423392130
1463623020
1503831356
1511330264
1536565141
1538869895
1541357331
1547138876
1572232343
1586205211
1635638918
1640547561
1647876875
1665924761
1667599955
1685130076
1694136707
1728131397
1810210047
1818914346
1845651101
1856392724
1918758690
1928109705
1954996793
1961107016
1987018255
1994785513
1997750398
2038995584
2039194851
2042785117
2048293418
2059545514
2068491939
2106039195
2116839758
