1000
168065
519061
1516305
1534175
3863726
11153777
11286270
14734140
14934539
15038853
18160458
22549418
25594837
25999461
28050040
29888261
34221008
34515267
35592457
36597171
44110261
45022086
46061008
46211743
47239411
55600556
57047073
63164113
63292746
63693361
64203968
65676897
68131096
68219319
69539177
70094008
75589086
75954308
76072712
77597564
82232763
90768594
91696878
92266690
99651981
101751627
110452161
110818046
111167121
119510252
119744103
121050270
121277453
122652649
123809308
127673034
128419542
134476972
136145385
136150142
136596060
138427180
140227603
140790778
141710211
142431152
142833705
143604752
144316297
144770100
149432205
151294922
151794290
152555406
154363501
155734254
155855047
159312400
161386059
165554124
165877555
166629972
167651186
175384941
177793751
179028323
182110638
188095150
189583486
201067597
201145240
203553327
205093422
205184993
207022709
215718858
218164759
226263226
227040642
233064063
238573371
238746165
239669682
244317694
246496881
247763182
248627921
252424404
252800626
255527242
255716955
256198173
260645640
270948194
272397066
272569642
272969115
282699993
287597320
288314727
290862765
291584418
293354066
293568608
295285899
297157322
298886384
299923614
303896088
304148409
305898354
312431772
318458075
319489794
319890430
324086367
326033859
326619866
332861319
332953565
334996276
335627292
337755788
338222494
339756670
344950134
344958961
347869624
348929003
352032924
357071737
358532483
361307127
362440454
366621722
367268245
371598793
371624627
371934909
372328605
373694118
374825962
375068079
381379893
381480867
388346756
388994308
394742274
398538365
400936144
409277446
409463040
414459699
415141936
417531679
419414793
421329252
423248906
426796213
427164294
434752818
435865227
436023962
436945889
442960618
443857834
447794850
452011569
452363780
455160923
462444988
463564282
463640105
467026825
467431634
468214163
470526061
470648023
473481414
473556634
474957258
476525230
480322479
482223565
482380928
486619269
490441661
490754577
491468226
492984531
495076865
499562625
500509555
500823487
502121877
503545595
504137180
505897264
511822251
512635969
513022277
514079478
515145633
517624266
520386036
521126874
522355976
523722442
525132524
527474927
528358850
530609534
541469062
542188105
546262857
548387530
549196040
550700062
553474375
554411404
555368585
557649973
559837259
564202916
566083322
570293413
572314366
573365328
576896927
581823172
586255672
587129144
588079233
588082137
588513922
588632412
592252956
593041850
593255038
597338404
600155529
601624015
601750605
602072695
606707565
609736326
610020980
611147372
612077276
612287310
618334998
618879950
619167721
620063741
620962653
621171975
630768275
632700103
633806120
635319606
636964794
639389508
642182600
643929836
646137179
648152035
648249675
648582098
653444553
655329470
659613172
661452224
662009836
663672861
665278536
668077799
668729907
669517369
670717637
671150819
671671301
671848689
672162437
673960814
675461989
677071113
680066803
683150492
686605840
688466423
688968324
690537027
690580675
691899596
697042646
698326947
698483720
699950511
701424020
704553452
708565910
709097718
711149290
711776786
712898999
713394360
715098602
715624734
719036032
720299350
720718620
723919118
730226046
732678727
733118094
739143733
739388125
739808845
748554074
749976120
754617191
755634306
756145017
758017571
760012304
760903187
765591373
765933922
772952110
774871526
777357716
778133687
779561050
781695983
783060106
787063604
789866286
792017874
793687150
793698079
795343036
795881600
804994440
810048636
810872851
813504558
814072999
819502265
821191929
826491587
833814116
834671787
835851662
835868559
836017342
836789159
836837165
843333607
844156581
845252190
848624878
849049141
853956181
854828528
858566760
861803347
862353371
865292869
865751713
866160172
866204594
867781284
869770791
870847027
871565896
872166700
876211744
877028663
877377946
878168345
882892030
883461676
883859675
884610760
891479162
893881299
894145036
895340512
897869135
897964533
901629823
903628353
904253909
908857880
909580596
909983143
910101511
911249671
914208154
919053779
920729769
923554634
924336883
927361011
936937967
939486341
940559192
942469383
942644641
943547886
943715341
947136059
948006475
948136579
949764540
950468627
950782032
952387586
957108794
957748260
958968740
964884416
966207552
966814124
967776788
969019258
972096665
974171445
975078798
983705819
990473025
993515200
994396948
995207909
996430942
998530588
1002150237
1003380345
1012825012
1015226996
1016267675
1018691229
1020727792
1022481396
1023095714
1024107085
1028370431
1030260236
1030529357
1033918458
1034470059
1034851787
1038587349
1040414122
1042839581
1043833400
1044415949
1045559608
1052040358
1055588894
1059613097
1068212296
1072010263
1075219221
1077278558
1078229026
1078280224
1082903000
1087088517
1087329822
1087524006
1087970566
1089940280
1092178838
1092596641
1093115702
1093387204
1094374834
1096361053
1099353967
1104647733
1104987242
1105398341
1106131025
1106597067
1108224789
1111174604
1111489652
1112163121
1113920369
1121570841
1122418668
1125855391
1126604637
1130238904
1134234356
1143094898
1147481606
1148546435
1149861991
1150099680
1152443003
1153246875
1157022259
1159830098
1161945521
1162034316
1164106964
1166466830
1167479380
1172662000
1173192998
1177410163
1177557376
1177685492
1179999208
1181272051
1181440116
1182953298
1185084082
1186909746
1195264127
1196379672
1197196961
1198988248
1204239878
1205148650
1205847776
1210748760
1213188906
1213609093
1214820862
1214870498
1214876285
1216076244
1220215090
1226683093
1229580762
1229591306
1230121613
1237480331
1240606722
1241757136
1243273441
1248956053
1250103254
1255096438
1259728766
1262005961
1263138575
1270121047
1275013003
1275061135
1275578740
1279794455
1283827091
1289016071
1291586460
1291849618
1292613716
1293253780
1294864583
1298537239
1298905931
1300619623
1306171029
1306566188
1308460151
1309691017
1310259875
1310794952
1316768582
1319142498
1322728602
1324044088
1324635616
1325295922
1327540232
1337761598
1339661131
1340377394
1344206284
1345674424
1346027279
1346337587
1346581662
1350602089
1350619330
1350814908
1352735269
1352905083
1353254330
1354772720
1355969577
1366266998
1366636328
1370182769
1376099805
1378808145
1379507910
1379678992
1380762127
1385184201
1387204174
1387996037
1388053165
1391162083
1394921666
1398529691
1399147628
1400833728
1410349846
1411613278
1412794470
1416613571
1416675670
1421464528
1426948473
1430651944
1431674360
1432287916
1437563064
1442105624
1444696372
1449088619
1450113292
1450931274
1451020493
1451245811
1453485966
1453718558
1454490544
1458218450
1459326630
1459376681
1459557950
1460187758
1462532406
1462639467
1465441834
1465600854
1468667301
1470285928
1472926939
1473558732
1475430968
1477686515
1485000196
1485610280
1485743975
1487170406
1489555888
1490968996
1491580873
1491987515
1496365963
1497775861
1499130998
1499882084
1499966292
1501611525
1502059751
1502815200
1503802396
1505077656
1508758371
1513493160
1514776863
1519834570
1520235445
1521642712
1522906328
1523824208
1529961767
1532212324
1532818904
1534353079
1536509707
1537735131
1538932926
1539328319
1539631198
1541019331
1541564665
1542110103
1543601805
1544850815
1545115061
1545351524
1553370539
1553971779
1554716620
1555510223
1557374153
1557642039
1557679802
1558322148
1564152528
1567706575
1569113212
1571348732
1572141819
1581751442
1589852521
1593347878
1593389127
1596911097
1600583992
1600959587
1603746715
1605828458
1606137158
1606533500
1607520218
1608709792
1611224522
1616930732
1619476544
1623700952
1632643989
1635200649
1637608605
1637677642
1640534127
1643235343
1644118203
1644309629
1644719673
1645452020
1646423209
1646505472
1653331769
1653503441
1654182041
1656246608
1658871100
1660717672
1661516487
1666877594
1667349639
1669673310
1672486417
1675024132
1677179949
1679198906
1684644389
1685327954
1688629678
1691892126
1695143341
1701017257
1701098236
1702617621
1702804847
1703993072
1705016966
1705739254
1706298858
1712551233
1713913726
1715150144
1715387330
1719291803
1720344922
1722979065
1723150681
1723285031
1724543463
1724833586
1725281970
1725432462
1726129490
1726455081
1727688571
1727836022
1729542368
1729861150
1735380395
1735944707
1736257972
1745167593
1746957639
1747438084
1759813177
1761233129
1768470435
1771320345
1772255494
1773125054
1774088577
1776104823
1776763944
1777238050
1778352340
1780408687
1786090589
1787696538
1789097743
1792685401
1793746336
1794077267
1796425564
1799060878
1799079278
1801307067
1801364927
1807149205
1807519488
1808042755
1811612966
1813155228
1819450121
1819856722
1819942601
1820280172
1821322111
1824158724
1824218220
1827127320
1827228518
1832018021
1832282605
1833312938
1833404566
1833567958
1834921070
1835676449
1835870437
1835927477
1836042474
1837434283
1838550088
1838802056
1841119090
1842071934
1844674279
1845942062
1846338145
1846363266
1846414790
1849311142
1849773140
1852482548
1853327464
1853607071
1857228562
1861177246
1862496934
1862989193
1867667291
1868371513
1868886722
1871693832
1874109749
1874180181
1874329349
1874508953
1874950163
1875802858
1890251522
1890783116
1891417637
1897709513
1898157682
1898544670
1898762585
1903880218
1904397214
1906165835
1907912979
1908195406
1909342869
1912004406
1912128006
1916212285
1918559630
1919471340
1920629139
1926350460
1926745529
1929023293
1933919315
1935922665
1937182489
1938022449
1941506571
1944134208
1946296377
1951245542
1951908904
1951956892
1957004844
1957817593
1961889693
1962883460
1967830238
1969847378
1970196925
1972753199
1972819584
1972949095
1973096703
1974244698
1975523990
1976144514
1977103207
1978268408
1978708369
1980351522
1981592019
1984318772
1985108836
1985120875
1985456528
1986568709
1988520187
1988745333
1989837007
1992142880
1997869648
1997917361
1998558942
2009543514
2012603788
2013136177
2014249829
2014704772
2016577944
2017161608
2021709248
2023735814
2024871746
2027792633
2028083198
2030761371
2034764277
2035292477
2036185234
2037427760
2037570146
2050060619
2053442796
2054733421
2059145635
2059466762
2063538690
2063651574
2068767692
2073749809
2076643133
2079319101
2080780633
2083882923
2085402609
2090058068
2090903658
2091975368
2095136818
2101718796
2102150305
2104381639
2109102754
2110778102
2111321899
2114223022
2114421902
2114589967
2114940518
2118650555
2121533845
2123323831
2123638852
2125755076
2131308183
2133491572
2136903847
2137777759
2138362684
2142444309
2146010139
