100
69231068
83032182
83488639
108039385
134663257
153176164
177341280
197021627
210825551
212963389
237339447
305961716
318864936
344291969
471535752
509251920
510775566
524485345
536522890
550597173
560523256
602906140
608741420
612331637
632679724
641784704
682206985
716052150
720371023
731361384
781693705
815759122
833705428
842088898
847023351
852293672
861753542
871461827
878399920
883824788
898210605
914703136
930511990
931459994
974913422
996021097
1013544172
1018488045
1022127345
1039235959
1046668817
1048803108
1102993063
1144868602
1162830069
1163465245
1170004488
1171935049
1172669858
1174500787
1202572002
1242502575
1244690845
1294609351
1363052610
1451304141
1505434902
1526962225
1532220470
1567020556
1569085218
1611356466
1613375697
1625803107
1665518493
1705939150
1711734483
1723267031
1730693592
1746271113
1757265857
1824299838
1840976446
1849057278
1877370569
1882508536
1947896283
1976052229
1984639618
2003756222
2015898071
2035573082
2074985561
2077796122
2079481860
2087485481
2105608109
2109727248
2138378667
2147027191
