100
532299858
1804181873
871689811
1550624348
1895545740
1459402693
386026205
982883945
520994241
347422641
812942562
521141875
2104922423
1966876272
1888360487
1339314612
161349036
2032107614
797807574
840985184
590366886
436870200
175859626
893672769
1880131525
1563034098
802504165
1309699454
2017399995
1702191301
95444668
402216206
1358889527
967134479
1952840554
1106951619
279053525
191383112
2089835565
800047766
538805753
755294479
1321189641
496244528
574687103
1062066480
1835559140
736036139
946690446
485883066
1577021323
1537057333
922753266
1752880950
283246454
655401143
1168431400
1085750619
1965100598
1038347747
640458272
2060545266
1440563953
1999347799
880196098
1245920860
958815771
1159249623
1437303972
901167688
1959297389
1976109725
1656462167
1133003382
324870605
83665623
47586214
12946097
819701762
994276660
498829163
249239438
383850345
1421582430
2002120388
667096799
2076983573
1023068140
1752847418
1894600523
2061415887
245822043
1807662142
1354496193
97686194
540374592
452933405
1056501965
1699624215
1890237377
