1000
2076782695
1436689063
1101124237
783999021
1619368456
1338149567
869704944
1185002389
764349286
1792636339
1937956690
1222739464
616215249
54581687
1860121368
1176119065
2030526423
2103176550
1639467850
1554594925
913425553
683416422
1069015579
355504734
734491243
426591681
1722656073
20058008
1371934137
926609051
614792575
1301233184
215814467
1715916813
2085232206
1835182923
906582732
807453502
872701664
1670932018
452606193
663174706
746187834
1068821443
717756393
458825554
97456860
600799169
414518456
1736924710
7910446
1327944010
272857485
1076926025
1683448744
1007348728
1503517707
1258621169
1027406736
727968196
37746572
1642199312
2029201380
253561039
1210632477
1966949938
2088743963
2117215209
626919792
813961979
1640663579
1079525986
1477136686
239367766
863781
47409431
698193320
98320641
648208600
1112711777
1835245351
656119046
293172139
2108102836
1733045072
1976620883
967967916
1089079131
1087758404
1995374653
1817047327
1125504976
1490090317
1698765059
1379066016
553239146
1518231350
1320326331
522970707
2145151142
2134288310
16150638
1077193480
1463941348
255518404
1078057261
1511350780
953711725
1176377902
12075732
2066423502
864139606
668194779
212111993
824758794
253756203
41249228
1792726711
1342835334
1129007632
1640617716
1012399013
107028960
983224385
563680424
1486094976
1536463531
2081911774
658937659
2059434238
2079579269
645742322
2075584876
1009289101
2109683670
183619633
2087346363
1473550802
1137331358
1116240617
1485626535
1056271212
1980380223
6337666
1268383205
657655370
260093869
1309632433
302898433
1602929203
291156417
1943516149
467844568
398185377
779256886
1031524992
1884280354
168236769
965953119
395734365
80187359
898048740
1041476687
8288587
1907337841
1003676710
191908220
1847200556
329743864
1329239578
815957526
1815370399
238027142
648854101
1821708065
1506410347
1306509471
2081801934
668559132
1609407904
1537247489
959715549
1405440405
2005092057
1357900927
37213643
889133402
1094697633
205450412
1855086521
1490431998
285637771
605651613
384425038
293926359
365505806
1388101748
485834579
65222715
1717845612
1815074158
881180241
1385732364
2053101300
1530034342
1059956781
1412028000
689060166
994275068
2080587132
150984422
384038909
892819034
1556424828
241647319
103236313
1593638471
1130780721
1197933946
1799088884
838383594
540882296
2084726655
1444035207
925307334
231169366
1809541013
165925434
717003946
1874763728
1883771047
384594456
608460321
1122019763
290212108
2138494664
34492896
1702240108
680071182
1028767964
1635343593
831055604
1412806874
380678979
239996784
1654454193
483915292
1833635256
637751266
1681849238
1485240492
1476134860
75247886
1422483499
772686419
1000555221
1653652866
434743784
1166480655
223173164
162023865
902768054
607767620
770484186
2024787817
897979728
761495202
2059280714
452736189
1441566384
940565030
2088079782
125138341
205888256
321275113
365135125
1860342449
805190405
51286733
350610067
339555995
1536527225
1826744927
414803881
811527077
451947698
1415359102
317696295
886691483
434356110
540869459
1048715348
1337124164
1148637079
1819199534
1214428334
2046616807
433211089
1126225400
351869348
1874777473
2066790430
292465482
1999915814
125195039
613740595
217567292
1985537488
1418931000
268854025
188663908
1758486995
1805381251
2015408835
25807229
469424680
319872886
1441166331
787120975
1206564369
1875522441
1327990434
107796069
1065162958
329143865
1926995603
132107644
228277024
212723044
1258333044
580146373
2087500518
1177639826
872611855
1939932684
1302834865
1486352451
10016328
1140888706
757799803
278870354
1329552614
368803151
2084251605
1197477801
394610380
406192637
1517350687
1835776711
1193313612
576431408
1563815505
373820398
684227477
481494815
702964263
463739433
613602459
931241287
676462477
1871935503
1511387660
616479347
902091681
236515868
408928384
57442899
1722868319
418944712
1198331605
333184474
697815066
380400571
701987625
634583023
1577878372
1096598005
1040775660
947745412
784891069
86605624
1524176820
201222926
460426022
60920650
682717741
1163390285
524660083
1296320200
2094631573
1201122560
1020772055
1458535585
1817601908
1922863736
1695051453
79046644
1980306635
1270436124
497991356
1031154592
1603620599
1195806423
1411555163
158124576
1830389446
841949888
1254722582
723681459
1789695300
2039613651
810287083
1166388472
93352929
1270713106
1227309122
776070670
286619743
1751969205
2072390870
233767668
805608118
945679277
1692303254
475726378
721059365
1239871059
554773022
553882353
362823536
1052764378
1585036945
1966444135
101087153
849108461
2124568711
1931476600
1691058349
1231807645
507674411
1333270001
1123937648
1317961494
352174825
1217290577
441190952
1579483948
1993361247
727810696
1183969505
1918268469
961578364
1989577623
716464098
506397970
317820353
1437523464
1746269030
872593375
1991405817
2109092566
1925357754
1428959114
1928053053
2026444907
130583927
1905138116
1810437859
1821642276
989462114
170628622
1007428629
2113399762
1488590117
1359603455
1183206692
1929781069
791603755
1029084291
510108117
1975573260
799869113
1471686482
1817667236
1516333211
1978084452
2135487589
806373027
1576869834
860597317
650295196
1538478752
638471423
2079254311
1319048157
517432682
62354590
1076702626
180386894
1883996867
2066164740
351015516
743941848
2032080854
1839605633
2103545303
1067803898
1621903055
747665410
2096888190
2132011172
575755023
749273655
1456214006
245938611
118123218
1286814811
233942552
924496246
716200997
1094539869
1574791442
107196102
1733011292
1506562105
1426244259
102960327
1568916696
355463237
283347221
1305429915
274144329
634362737
2049371763
158741536
326484723
2005433419
1226545434
1948387778
605615181
1175949976
1932915302
1181370204
1925223631
1241645661
1427308815
2043346850
380976824
1661251368
820359448
1097177821
608307589
247667242
1204373923
193835234
1754229348
483134535
296795561
1175662396
838597772
580142782
333608663
1112742102
1214505519
235496778
1271483638
1540990242
93446549
350545424
1341894372
699061731
1526495401
1127326027
1880431935
1304235384
221488040
1160257103
1200098586
602464864
674024823
2020458034
1699642685
1282332412
120641629
756532961
1476167646
1874870977
1239667496
1772963207
903049725
2078265268
205622341
1236658388
1043523722
1420127861
1472155166
167523712
813634455
1565601716
518069137
8045180
117179799
2044564538
1135371207
1997611734
1201316274
1356859247
1010385189
253931213
1959324111
1684410012
126905599
1511483148
819258777
247547228
120532461
147942775
2122418205
1360199957
1920905983
877984282
1290981578
2126528324
2114642670
187021652
1399172537
1439314189
354545365
65323345
857432257
872614502
73368525
974612056
769695392
1208739732
824740142
1971011666
418115331
1835125332
77459231
229955794
1372051696
204364831
1741438942
43826825
451912059
1861971404
191769601
426846617
1074687713
2112675584
1304830899
218185643
2091720260
1271989922
405207296
1343409150
563820463
759752661
1408732495
1421252720
1632367163
1482101020
248381128
254578907
543357104
1073121270
78106925
961472435
760762954
155566157
1191428229
2132814651
359930988
785383523
29157828
811843047
499871279
220927429
1238689664
1574558993
186119365
396036916
1792744636
130355978
1668026838
50468284
1473765128
84363653
810220945
735013975
1505616373
295104460
69631347
1753997501
549683367
612988451
679635123
627790293
1574460886
1440398078
783356450
618405467
1425729081
1143287438
1403788990
1454886909
1955130485
1903660270
1675814339
1046336502
1330735615
1861933704
1442373418
975996603
1992289682
962916608
1026464888
1318571162
1047280261
1836685833
2053585137
405412986
2131790294
2123216484
11926839
533990013
588721287
691561962
1161780306
15698525
2131960040
1945136756
634103992
1410205473
940940546
2037892983
717608735
748587384
1794069605
245939426
1794923886
977321572
2107873130
1089813656
1953318175
1952679165
2052730264
832299415
1123766679
952526877
521501601
1029868169
1357939863
505808247
1005601005
1369866702
1039798260
1594322293
2061428664
54094919
1610020818
2045905057
1999231675
96641163
1308626882
792688574
2134534146
2026235617
1541275958
1781120103
124691395
1188716196
610958027
85080878
131046204
416792554
2037760043
36292820
1249091970
1014043074
988819697
1770593571
2043911243
199275912
128918170
902028601
1569142614
1168716430
348867246
1483087630
1222811349
1958888064
1381509039
1074559377
2055529227
542652274
1867247951
2042579725
421404243
1261040261
1676216180
546095639
302272809
139690559
631176517
433319013
556483114
521452912
469611833
1805575084
1535495986
1458431530
1428685007
1431923582
1657707442
1557603177
186468535
1079366408
578835959
535335781
414970390
1801647309
346740197
1796479430
728723038
254785777
191648056
448487341
149881854
613052299
1709527602
1826098035
1159147938
2011800411
1965788594
1790324455
297635776
374788060
164293719
767247609
32879496
1699789706
78195491
1461564503
984229640
1735902933
871684032
1170698175
667785693
1450519992
1706033956
1082756083
1104683653
2052774153
731751865
1833406691
160076282
923399921
134410384
309958137
1536452221
1843937986
2136056172
548116511
1708254749
1954361118
190957319
2005890525
181665531
355251038
625654486
214545027
2055040744
703849977
1676109531
891786736
292269262
400309915
2062484911
960054955
1850829907
1621035219
2042811038
808029912
1526325725
627079256
493952955
1686402007
1550479177
628363339
1996360144
939447750
324817677
1984932668
1487564262
2033072426
1791810139
1678521581
1891479303
1973475670
2033772619
369650141
40537049
1941329716
1073500118
1716646580
685632804
1365769380
2116956496
600634068
178340687
1820302755
74185639
73668078
480849020
1600511364
700747334
974801975
1139429724
103742863
1603165315
988306220
1043190614
1927982992
825755241
383271228
1813571771
470081732
2061792809
1557567426
296073754
1948081780
1927217568
336610803
1741927848
853234038
2053257384
280077005
71519771
2022730232
880711073
249860458
1695549339
954896712
323528536
28914711
407924429
1024275870
1003716687
1547354153
1128018734
459398354
388176725
23725700
239897698
1213931966
406996928
2053469469
1684013698
321306089
1463553248
1980087452
121904221
1243287168
169214608
1863832070
2096521206
74988344
2143909075
20557329
2097718576
877136500
270417788
1645784267
1832033212
593946324
1674698979
92473993
1618222195
530932018
1639828146
598757281
990330372
2028004872
622482981
1230228070
1094453190
1029479909
1136213892
630983241
1350785998
452283492
463587045
1472690219
1695570660
632801653
1189038641
1644608218
707789997
