100
717127285
1928109705
730357514
1667599955
618021232
719366301
811297809
2106039195
1987018255
1503831356
2068491939
1004020362
1994785513
947302592
1415240412
1538869895
1845651101
208515849
2042785117
1155487255
1304090195
1810210047
1372009666
1635638918
960589400
1022155985
1547138876
1266170650
1011004112
1640547561
86841326
1728131397
1421173618
817198840
1248247704
2039194851
1536565141
2059545514
1997750398
1376099749
1415893222
1918758690
232636463
1263195088
718577634
1647876875
654581335
416745088
1856392724
549882804
1572232343
1012999272
212609204
796758361
501154542
1173198604
1818914346
2048293418
291885606
682434810
1541357331
378726933
263082560
815047302
1195925773
1511330264
706758505
585007267
1423392130
557025255
1961107016
691801705
328300297
46259831
1954996793
1046877932
1694136707
462094480
1463623020
1403045783
1011977285
888371715
268561407
1224586489
1685130076
769715950
250301445
1356560774
670525720
542187051
2038995584
64399404
920913984
154594496
879446706
2116839758
1665924761
1586205211
554363377
941833243
