1000
1181775251
481269895
2029651643
893913023
1408650528
593495085
213075267
1225872641
77350315
1865899288
2109288234
625179717
1569003976
95963163
305107303
289510175
1551810389
269600587
1796448300
1850311385
1614861279
2040399656
1168809772
8551079
1943653116
932353395
1374753881
1028678273
1406938795
841658892
1655047197
441230399
1322928787
1537215192
1335143422
584095667
2130710277
1548218689
1809968308
60576944
1266634330
1771772895
685756661
688154658
1867736058
990863965
977664833
1272062799
1260464552
626629486
974890536
727842184
519545494
2143700308
736393263
315714962
928570055
2111147144
1344393235
188025203
805322388
851956784
629255602
2128251175
241688328
1964399024
564863194
224914957
1365134065
227347855
285491902
484284747
1999120750
971248563
1172439406
1719373160
1962112528
2620591
843952311
1075093433
629250077
1818842847
1802935617
1148795571
1815059507
391845232
1464510533
596145915
355508728
661420120
784171118
1160831117
1513376904
1413426720
1141598644
1755065232
1230342096
1706461839
1979980190
447992513
1933809694
117988444
932277261
1785446796
1089237007
2104716667
1357336308
903865888
2107337258
53804971
1978959321
589103688
1872647818
1634411290
1737899259
1540223677
2026256522
1054926145
2136369592
234281602
1716346265
773057062
1395112719
1082239522
39000134
389227716
689821106
1269342230
2095689555
522317648
1717334744
1882015601
640306092
502128357
1519978749
1729543100
459361376
729831409
485925340
419214986
783636380
317401013
1008318674
508800550
1951812303
598734286
2049024227
1830585177
1653660431
2037910172
2064866779
1222523048
663483586
1312495851
157278922
702483721
1701723567
847100029
1971825951
1649929474
1369417677
1541677047
1384461427
2009723770
2043805404
756956528
1591783222
355683132
1486787937
2077708562
774898119
122940669
247625927
1783216793
631741219
51954582
234467431
533281798
1882539759
1888127862
423708322
1799922890
963167263
1087191909
964935093
1120446185
1789675630
519175012
1967546214
1614017933
21620838
1189480244
1008211333
1406082265
1051720366
904533089
15555145
496019940
1260216222
1502343082
426244854
2035114341
1625283751
673870781
1670847486
109541322
725825363
1905314918
642823121
460881474
1645959132
1066531443
113320716
461642747
6239704
1078255810
1582088933
1795915334
1597430822
1402151499
1262449620
1619051661
444148095
123177305
877650278
1495868461
1027710394
893205424
1991888401
140442968
248064858
270649607
28073661
1873348610
944520388
1698921148
1982889932
1670345751
1456752418
478229405
2131227225
955227902
1544760849
97064294
1416870650
1551000553
1175320104
851475935
1199432240
625267278
106143786
314398212
96835291
550291882
437575517
974485570
2046160343
1465285911
1867690994
1890565097
1605728880
2115755852
13731056
1633802541
1841620814
958251445
1185240041
1677027099
481113548
494508811
7772856
464857126
1449736714
1552533705
561921420
719123716
956050611
1737241524
1570599651
7999203
215025154
1676743437
322397415
311860446
79551671
759972932
1286346016
2125712015
77775195
1006553362
1868793464
1683504075
974825566
1882524520
1169822969
668962733
693292317
207579362
198506184
1174405866
702088174
206279040
1639262992
4341240
1758812746
53700764
723464956
567379709
1790942288
146580959
575378912
2005967442
1823324396
897776327
170344240
1902876068
1657749259
1456690256
1881104435
1735524454
315759970
1602414251
1271544882
1290585537
1337455123
293884203
1959548270
2030747441
501463565
10570806
1057669659
1203551739
216849846
549449003
1207892979
1975662592
603149767
1931357935
395558653
246608407
2077938894
970937565
105092201
1753779643
1868713892
275436442
1509172063
1378979503
1732126698
1242792850
967020310
2047886669
697723453
91081544
1190988558
2035178576
384965747
1003053180
1918442369
886429312
1013623986
828628380
2089981052
1230473832
1378077383
1150390383
1058652777
1981227150
934264671
1454211430
80351909
864719917
277665348
185444111
471015912
2146379240
460880553
1980187975
1377875096
45523603
1075497177
197411758
2093410272
1773220630
288493302
1136915182
1660915559
673459049
2139968362
1431874280
1559888361
1006108700
113019013
1502385765
89098885
1491096396
505292501
1147751662
1324839899
1439557172
454479444
1405191808
156793441
732144792
1590635919
627809354
731040385
2051516472
460513681
2108915481
2097040076
1536010859
158843591
2042966700
1161747841
447336893
1032398235
675179752
1120795942
1024882949
2107054033
533200655
2030991650
72589398
2035586421
2120090535
1563685794
393395274
1120358549
741042045
1832952446
1574837993
2146233854
1989745887
159499138
1589386125
470071593
890539523
1493418950
930585275
851971356
1442975378
319112486
1010814947
1338458430
1480860327
1458151840
223373017
8556432
431464134
1248255967
2115610465
964664789
1131763969
40716215
852767562
1104370856
1604402009
1246162836
77245757
197960407
931631634
1652083750
196710613
773893874
1811582888
1786096738
1243965467
554638763
1132032040
27067094
1406610119
427523770
346179580
269941418
1765982201
1827039908
1728093258
1989355218
1835596340
12073744
1090127537
1803723157
976738534
74407858
1844439372
1829506096
1178778714
1301357733
928185285
1256024471
1499318140
1859816919
760624574
1696028753
486227145
424723814
1334641844
1730192613
979362578
319190236
1757259707
238489049
746714007
2103439288
508430468
365212560
1782995548
89040078
207084130
1471108240
101113823
1297211668
1127347749
1077852357
1371619526
824303473
759874805
402914593
2125661206
1688060090
1658939064
1477495699
1400393362
272079990
1026040804
1886620507
696803805
213199000
1469329472
1676166383
532389237
1079105532
1914655432
1279103244
1035061172
275602252
1644315804
670573072
364642331
1851399934
2141681312
465756154
1001127954
1121545413
1543608511
225263833
1945848886
155999668
628178426
1924026444
1844059759
139633842
1254038495
1096969473
411713833
132595652
836106332
1108517638
345794652
157952157
637200373
878183889
1237057689
404372157
9803485
124635213
679974410
1654119289
795208285
1044616741
1358035576
789405949
1510372895
211679882
1910951362
906497758
436943715
1709316600
1062497426
1065122141
1485859396
759073537
1204755984
592414244
1856043010
1616469817
725009896
544665695
577503807
1070804548
702617852
1214704180
1948988438
1939675541
1619076337
1958791923
2064310754
151567099
1465427565
712035391
1196183840
675979493
1501441340
559073087
887659375
1264909054
1465570845
1324603091
826742006
380584624
242241584
165117754
1139658161
1446997568
757531998
848217524
915983737
1482541894
1392883219
1493487544
405862795
2095501071
560708076
207367585
1887692964
32300766
18675860
1804520070
183867865
1484103425
369071813
1380051706
12599270
1870513153
1939124793
900258646
987938559
1257211991
77378089
1814680565
1637796615
319619673
1979798319
629971128
1766617242
589846670
1478188652
535117331
2072388564
723588223
2028604876
330767711
671605646
441829304
538135296
411814962
474130070
556811157
68851384
657997936
2040914582
437923197
2038049642
2053513853
160952702
1829690787
806288851
1148891261
939419130
883666940
816088178
429732097
1203286613
648402850
1059703226
822420207
1238249520
390408230
1357537539
1163154436
1113996454
1238658767
1493922148
1785602100
1680488071
2032057444
49933415
7134494
441384953
118784799
665132430
334815888
556707997
555698424
240846093
717660699
237905563
1047134944
1866551961
1177324694
1930801884
535156491
1607056791
986604849
1183559341
519276369
1809025057
274325213
909684600
1019078948
1437479650
2023681054
110254067
783918150
1661799506
1790742138
668491946
1711732921
1797876632
1109876900
1830517721
315525414
1444692788
239742070
871223838
1685538881
957402769
1109129402
585190177
676471082
138970448
368508413
1211627574
1746027239
1355113262
247703267
117819961
1016654671
522028481
1027504561
2035733619
1959508131
903701967
2145987686
595942633
418017825
1789246177
1264434579
2129750747
1439639161
226827831
1812784820
1755164576
1671520619
2052526890
478904766
1209575852
862446011
1588034168
1794766029
1538917094
1727004616
15790794
603061020
1325548208
1370904057
850764287
1443368169
240075080
1372792768
323389082
128325052
1184817251
1227091049
126829090
1780759884
1645108874
1916075267
897710816
1627375973
1208230781
1124538647
1292677145
815911709
648575619
1197720387
1294816475
1858151471
2060166399
735366996
1505433853
1451599845
314887964
1521224647
2054660865
1640436172
744645056
757941504
936320693
984720137
2130734273
1259709775
1113045189
1168067876
339317176
1239874279
801344113
1984426051
1008465899
1699054929
1464318376
69213032
676109928
609511874
885124741
1324685547
1807232261
32457568
1035353371
1719915012
767824564
393303576
1024031209
1082712529
1914528223
931208426
575665053
511689632
1689149931
1511985747
1496409769
1672400556
624211874
461971310
692984784
963529051
1701845589
1494328897
800471454
562827840
1045900178
117306182
632040872
1722010107
726818056
1517165613
899212006
386566670
1549623182
1934565377
2106481682
169964098
180385305
983029244
1252676627
2094913529
1914237670
1828341681
459119513
1455903953
1192843780
1955529282
980820861
1817055654
270016944
1673805646
633101057
1971862533
1020650895
1433572511
387206726
2066551074
1550878694
1019247598
1641077533
130213102
388929564
392805891
516779772
1938552746
179887621
475777807
2108516844
360272926
1458807051
1213709824
307702807
1225561073
894567857
766822320
533981379
2087411637
574867954
1514802240
1756983643
844884898
1041124238
242601053
669263784
2061775134
1676173564
1056470510
1980842560
1079568610
2075718108
1474436445
1209781713
317164024
1867242336
1726561485
108233122
2047129957
54855644
69266319
259919236
1513662695
1282976143
567622043
591740121
30060352
1334444364
1125721500
2117471989
1909312318
493040092
1726971984
606713569
1534164331
1969573037
1275977353
1448455817
1498262954
184964215
1281814729
430347916
113198675
608767526
1640129629
430362700
328526214
1219207467
538595822
228172524
1274063111
607862141
488091760
640242159
1890838284
1055713803
1231982280
1920898636
242674519
210220132
1890886977
4503190
703260224
1470375314
611216759
89940907
1292464703
1887194112
1538396724
643244009
2072158327
672727805
1073591926
37873354
1281495331
566237907
468236054
1610021546
1785445374
1006831877
1838194070
912024838
1614694018
178802182
1552266997
1358048655
1234515985
636765629
1131463643
1477190505
846985761
874866973
1481693695
1550245985
197758639
2092910454
1640186893
1490223342
1832620918
1031099969
2133467352
1757295597
1703827775
1059575630
1795168951
837839458
