1000
1054656234
1488662679
1999452727
598251770
490732148
1386307817
246834393
1796384284
1894130902
1833812727
227401801
1406812201
1384910286
614603506
1653570875
2041962393
636472111
1703491334
339973360
1473479947
1905511299
702611676
1541070785
685173955
744967670
959298532
1326599852
774179459
797920995
1318816015
2049407066
1852577229
659995047
1901376146
303345351
1150727195
1140200315
550179744
799627831
886847570
236508824
1027029632
146176123
1621419110
1641633139
1799746998
1515897856
130621602
1355754684
1855871216
1604101550
1113782335
410999244
997688687
1798956291
1155966914
1956987219
978072495
1930146373
607424566
149404862
1832069792
312518148
809399909
1585962290
615863499
1960127104
578678957
1166043244
612271288
1465526527
1402552068
1639300920
1611702650
876487530
1133450411
1263966000
244901738
1264072014
472237037
2100772954
720689916
1586019372
364288550
1718378603
1237492015
1520255465
1527882174
68080862
1302918190
2135306740
217485725
987504334
300341240
1026885634
425982976
916204740
839529091
1004661934
2082247984
1451800379
322704813
1337316404
943617651
1934407464
66320286
2077068063
1050889816
311222025
1193656429
1523126853
264511331
1914346345
961662578
628799882
1485241300
51670945
1571699
865639826
119751808
1304489889
853462918
337237533
144510576
1153804159
1364123167
570493552
2070008899
56168610
1575155486
2004773235
1507968989
1897860300
1194605991
304102993
1684784116
1260926277
233687408
588190284
1572148302
1427343837
2111317138
1836659634
1194206534
925496068
317975868
531964186
977167013
319547567
1397604012
1096918821
1624037456
103583282
1434156354
1768548032
1257387441
650795874
191557937
1179912692
706964484
1766713423
1037202279
67449826
1517090075
84324622
371552819
1054390543
1345250900
605240227
1642580828
769915554
2032584064
1606414318
459091540
1079306950
384426738
777067408
1611271136
1361593751
1096614975
861391500
311028925
573168784
964974782
1745185279
194233168
74878576
248497505
385791105
1254791268
955461990
5020881
144509900
1022911816
1522110956
228834522
1394464635
429017852
1574085422
1999704862
2071598680
196517329
1884805278
1530529350
655608869
816628580
1914956088
1432676278
280416068
1129066191
381807605
1141807568
1440095116
954976389
2106782350
1037796748
1149209558
34177278
1286294253
1535000663
1288968547
94272595
1540021544
1433478447
1117184411
914648853
1662312969
364165398
1343666705
1088914744
216386612
1267781737
1285432073
2101191890
650827439
1941040942
770336822
418299879
1226233572
1050752890
1547366070
1608041178
45076810
839977539
415533919
4375513
1877774287
1564743477
38552791
1016584892
952260493
1327521338
1110857488
344798389
613516137
80558251
1259447242
128345459
444723650
455630299
1217260203
661110262
1723412036
355208628
614818505
226755827
148765922
1385155327
645055706
1374999495
288424570
44938129
835557025
333501380
884915668
1251090944
337876893
615206307
668350774
376429685
1631791199
1620611267
1703951023
595165039
1965409656
169983513
675723291
1077373251
298328972
1120446941
1533003550
1515589175
1781557203
1108931939
1870797803
248892060
1335687766
2019563725
1634047388
1980743473
1247079572
1922471958
2025681602
2082636597
108489690
763113622
1186243894
446366584
1378319929
1854594668
822796269
862627480
1327722287
379263644
1457792520
1145648295
549247157
2133515811
75537898
847576129
1106479104
1608541449
215681656
740552659
569989740
2086479459
989444720
1905677506
1958559537
476008460
1738937331
1058155461
250996770
1617135285
993308411
359486460
232765259
32068657
805853044
1611085188
1886663325
1628649313
326229021
1066901964
2007912958
1784021541
65066611
409676467
1770053704
140604510
1257252597
729049160
1749145959
1472934253
1469601819
171652051
1411930065
311562891
2077329557
1223005954
787571351
1668783241
133677767
1038568121
1138434878
1126986178
1398054582
1371200138
1159054835
56423978
834801678
898234512
1685073292
1161030699
1965136476
1545502602
797568592
2030203088
1955179069
420138648
23323950
1064948018
1149187808
1772469909
390398624
471305980
1944121960
1802328689
782868871
1873967869
877850995
1570440223
1395267462
1011528762
461524696
386218693
2138514941
1859579278
1757418831
1150086128
1916003257
444736861
2048320641
1453592901
1605767561
1865973469
851611855
255852505
1748692909
659307276
675991154
1772016859
1724255295
1825178962
1397003120
2114653919
149001294
1193641432
1769498960
931870166
920125654
499866307
354826741
167909468
1511395069
816351437
554128161
1502426362
528447068
164063344
505028843
296966677
608800206
405865836
1750559578
67084119
124355657
454687785
322936624
1873048567
1113995061
998927778
1497581778
690766708
676623093
747101251
657936979
825624387
1940742683
279952291
1757494553
713384689
779818598
2112321294
881294158
143730020
781189084
1435422319
1646156382
1309636152
1599485664
3701577
1606602829
60802222
409567413
1209678759
127886341
533923071
1664366544
450822965
259487990
630877957
1449750744
1757069768
1321644666
2126373837
356687371
1979581645
804514576
149946407
112050289
414525482
863331096
891868887
379363128
1744625254
1035598907
1160552212
1032563926
534271642
322704716
484565942
537973219
1929307545
545368164
947540633
991502656
673254505
1481463704
508385552
1124077470
1740951694
1139263510
426344566
1350537814
313424528
405234755
1707225186
145522525
1209749332
1857171593
257572814
1624274814
573019041
1149441702
2003637942
170160648
37556961
1016706507
1202724574
571828603
1339411223
1687290516
1109801823
1121235121
85175032
2057342456
2112737777
758429537
1391322512
473639682
1882507007
984790558
1612903192
161367926
187844724
1926327720
566602681
1895069910
2071850245
1776352013
1604757855
181939412
1253143179
30293249
1331381114
1109297474
200453897
1368938075
2126003981
1403178471
1940766679
1317931556
942985339
903084854
291683029
1028160371
812943662
256937159
1786589908
56782526
730576841
1521613267
1041573084
195996385
1682981193
1229417808
2122324105
102100227
977004071
2046690702
1878452240
434278278
81146466
984111772
464571527
1412527580
2093409246
665025424
633982008
2071929579
2068203895
427265039
1242377487
863705586
1330349893
1534060517
1891865957
2143293555
1790997676
1530972217
52592433
374090869
905101837
1094165517
570087254
440599382
176099677
544927711
542699609
1153103748
444134765
273668202
1587382027
525281232
1257779974
2051953554
1937808812
1203705572
569495331
424307172
1128151503
490215578
851572211
223045342
1353921165
34438456
1757105859
1098303474
30248363
1400619887
481792044
82840796
1774710756
1386893881
1177006313
197314362
1827493263
1353105991
742242073
222709225
358726091
1186376839
496377427
1946108118
1711658071
1754157401
1850578025
1501983235
810379325
272589708
1926290408
1938530828
762805286
630378971
14092522
2116726451
664817428
1771198382
1067546278
695065791
1024334621
1549338322
777906588
651561730
788748555
1954912901
848876092
468758170
1160535244
1591118166
691467395
1519261336
630011357
1187844822
1317885806
194185780
794518575
1020980183
1696169015
1604897900
1293569891
1474975775
1395945080
2056375178
2105354747
1410037603
2025617981
622688527
1033752337
945680611
1317754318
2058086958
347535285
2095660906
562165040
1136283840
1903090160
1411041133
1605042011
916141756
854675651
149025758
287919444
1484687008
1336870581
1605805251
1678872788
2131389156
479301786
1227558155
1588803409
1772871678
555050283
837264841
1681763208
512921382
99818796
1559897541
1135609909
1133571133
358094505
305880579
1044174444
705629790
254057838
1606339484
1841913631
9664350
869896969
1299471994
925806106
1724572620
1448497752
1213725551
1061775980
637884685
672047154
593165120
621790194
1151348940
1820723276
63109955
776736970
228289911
900374796
311016530
741211293
1000193593
1870914072
1876821202
2133764726
81524929
35218133
1030455522
787154719
289275971
489311359
481584702
298940321
1359208328
1781056696
1224746428
936297301
1082070801
290988331
1998073281
1719955486
963035485
443754754
194262032
2114384425
116994382
257371987
743637748
345284293
1157746784
1054654278
1086495586
10456729
778084702
815833140
2144221455
859609631
851051273
1027193330
1646764351
1140327245
1516504689
2128349053
1439267566
728229369
1761922102
516530346
1664526670
696509255
807518677
1515116304
268981093
1770554162
1958871058
463243126
1737454940
2075865440
720615113
333609040
273666085
1878361897
1388263318
1360161671
1888818626
18864373
28511163
1885556434
878474004
879562436
765266116
377754707
2019889681
134287157
358620113
1311673600
862516526
2120542215
1828203946
379559549
669567822
488238976
1894675853
938548915
111309490
1706063263
1401792041
1848764430
1634445055
2122407155
34889822
1908111140
1853285404
1423153141
1120789163
1594620383
1442017514
1149300326
1332693169
173007870
2028862762
2097959285
550762578
1901268796
84762794
909382691
1065458748
947279320
882441258
746179046
1326838869
1552009080
1234418022
1074031074
343074347
1345727513
632610689
1744866389
1047008295
119572096
1719789896
1081898118
2027683236
1425591652
357567611
1000988751
872728387
1799585125
2805429
57937908
1972592995
2031668192
8413545
375871925
1785453340
93176339
1285254616
703428440
1040455660
20212226
1449607486
219810881
1572221306
536541861
1293841956
1915295654
1882269374
1926452645
1512678395
781794021
2046024742
1084984643
1863692139
1926224330
363092647
73776102
779729434
1235821035
1873361227
782534863
1293758943
1698470575
666719407
1302172489
2074342500
304689099
1395348828
1212113469
1008117539
288320840
1232325695
310241378
508131722
657063354
846783239
1801973678
424875360
581568965
1580942675
1937553755
1363362986
1479483769
875054750
1079571478
1258224452
1238147397
1153347580
2037953886
326484784
879225160
673005101
1620243728
430212087
1339724509
774932569
357070939
1644413608
22797749
1569184408
505047500
311118590
654026456
815288878
819250312
1311089810
1662072117
473740342
1735965170
96157434
2054683017
1526035277
1459520420
1386683139
253606379
391608250
497423943
1491753776
1544955831
387894181
1818238561
276697343
1060899282
1290998641
706909430
253140143
2065931210
1063980369
1897553752
2088728959
485681130
255117604
252363901
1139707586
1070406482
1071614213
303313748
584994951
1545354555
2039278918
681152385
1452553925
1417830547
2140672805
691753416
1671436926
384797408
1189177359
1015707054
1929753239
1577071540
686461967
58966934
490487174
1977460608
765876364
743627318
1895908170
1829856733
493697422
1837153482
168054215
748815026
2089517383
1307761801
