100
964290336
1982995020
103609366
1462480128
1289710712
1940382004
420986894
1744100107
2008639433
315826533
1246591248
2012779003
2061346001
1459490454
662530342
1644162284
1777231920
919260165
438124925
2121578857
1567454752
1978249762
256418168
581850019
1231036982
1032866737
1679145110
515226443
2111179246
1303460849
724974253
927985935
1138972221
828583619
242982415
281199285
621481976
663969309
2025299392
482637761
979795842
1124406992
347933116
893658195
436413799
1010463458
390336831
66162071
1929723623
828461756
40257281
1349694727
659227871
296675449
1931544747
1890264853
1329542186
1463206209
258007648
1293237785
619183410
982981902
73740072
1758155631
1811565521
316722487
2039354917
285563849
980691797
1917170661
768201611
1960487639
894094006
1116134727
706662187
1330507805
2126598186
1096999018
1396669876
1908838161
1925460775
1436927157
1111049241
437204998
1733602606
895110340
179986203
915661145
210832901
437993852
61415282
830016311
1420975754
135155354
440688294
1085057627
451877841
332559563
1370621477
1432569638
