1000
1037137
7100260
7405745
11245098
13898401
17156560
18099978
21328867
22542852
25759895
26727352
28653030
31265909
31486372
35977279
44136100
46857047
51188555
51424157
55450093
59663440
61367451
69160530
73335050
75487124
78426512
83002204
94233599
97372819
99178616
100601471
103371940
107551264
108022140
109515107
109726190
111085448
111783597
112239400
116158673
117380743
118392871
121538725
121915573
122276403
123517734
125160442
125163669
126219306
127098423
127278334
129308004
131068623
132087674
134942335
136170318
136559530
137374341
137654589
140153731
144512726
147424582
153297727
154303124
156559723
161573447
162528971
162885183
164052770
164279728
175839024
179530714
182699144
182828147
184004258
185213314
185242566
185836742
186350038
186389520
188542190
198641543
201730153
202057824
207666786
208351656
208432366
209135898
209871519
213988559
218305249
219605345
222800940
223810603
223890514
226099719
227505185
228275387
231290388
233723125
237852600
241367630
243498993
246035138
249128358
253608168
253626399
256265662
265403641
271283951
273593664
273620833
276087693
279476166
280354222
289414757
289533269
291378151
293004590
293051044
294457030
295710273
297504124
297533147
297702529
302620284
302900804
305858947
306108918
306867930
317797891
321012558
326333297
328180561
329890381
331197396
335595020
337771543
338035655
339660412
342986245
349107851
350100888
357131655
357219658
357924748
359302555
362206717
363731129
364862408
367325947
368191947
374112557
375352837
380675998
382932411
384396192
384728933
390385803
391126050
393611228
393740724
394223289
399309992
400361377
402000331
403065929
405266744
406342802
408811720
410280163
412278303
412739904
413792254
416162466
417727606
419371123
427745254
427820274
434436905
435541767
438555921
439379639
439408269
440779759
443288920
445573554
447306086
447932576
448808191
451858516
453912545
454166166
456902051
457392541
460010353
461358924
462730114
473561287
475355529
478065125
479587906
481976132
482390652
483344889
484426289
484838711
495685498
501181922
503215723
503318833
508540169
509178167
509429640
510969063
511822994
516362984
516378062
516605200
523770265
525256357
526291125
527356415
528617997
533092056
534191192
534846076
540093480
544413693
556747113
559716173
562349412
565400929
566213869
566658790
569061931
571883059
572622272
574827818
580189377
582426765
583516780
584313847
584735937
585337593
589216426
595815126
596733006
597718417
598206720
600040626
603411766
604940329
605479852
606059033
606412900
606848643
608404364
610366306
612826047
614329913
615085425
615727904
616874333
618166460
619320497
619731795
619878601
621870742
624955313
628897064
631614244
632519515
636754092
640112937
643207116
652878053
653374649
657269497
657322223
658441203
660036082
661689820
663730516
663957003
668790081
668802257
671508833
672202830
677701088
680781519
682378710
684842833
694703193
697727413
699088494
699211068
703856688
703959562
704468390
705457103
706220325
713075116
715114368
716248153
716627852
716667403
723185900
724877765
726813352
727368543
732276169
733717955
739328179
741278093
741717218
742615979
742704919
744124254
746256594
747355115
748095662
748763911
751036138
754483673
755000288
755466383
755817737
756398733
757516352
760271826
760275719
760821491
761446326
761627500
762415237
765730281
766327160
766881305
767381312
769010881
770732042
772048685
777758616
784243705
787786258
787953916
789509157
791235337
792307863
795907549
796330005
798216877
799079738
800871437
801435464
801591213
802645545
807135943
811625347
814931291
815775764
819490478
819712149
819901924
822089900
822097234
822707939
824012861
825496739
830349002
830948791
835382002
835571017
836099140
843139454
843266341
845263893
848554955
848949567
850658704
851284686
852425970
854439503
857155174
857405780
860859436
866536992
866764460
867053533
872871279
873339963
873362460
873778839
875810953
877623000
878747997
880512974
880683785
880745708
882887932
883158844
885910855
887112472
887484806
887939939
892827086
892982708
897233872
897647683
898497508
901543299
902334342
903535075
903585109
904647844
904874475
910624633
910671888
913809468
914869497
917069220
917574620
918107564
918242088
918889235
920041591
926597464
928814152
933063652
935767204
937444564
939613126
941766881
941880426
942584443
943866546
946199895
946322386
946515285
950503739
950705412
952515554
953545639
954765939
955473621
959930749
960542444
961954236
963029452
963685325
964437147
965861939
970579773
970582224
971349836
974063164
978527810
985728821
986225840
986227021
986375523
986455511
988017035
988313293
994245212
998865036
1005415735
1013581769
1017253513
1020099366
1020646470
1021407760
1021938304
1025384857
1029290942
1030108963
1036074891
1044191525
1044325545
1044771523
1044988543
1049189382
1049295697
1050490293
1052052431
1052373734
1056075092
1057153715
1057775650
1059614098
1059928307
1065406003
1067269152
1071043522
1072325786
1072698120
1073628943
1079260668
1084712992
1086261477
1088094413
1088398408
1089422449
1089881606
1090362867
1091470227
1092249714
1095741236
1097589442
1100262026
1103253123
1106388726
1107546808
1107810177
1110828051
1111606228
1113479450
1115148278
1116601385
1119999611
1120332271
1121504196
1122085052
1124512967
1126913665
1132430067
1135101649
1135199296
1135464204
1140195316
1142168453
1142504636
1143015234
1148146894
1150312792
1150888500
1153900679
1154423657
1164097232
1166468022
1167696005
1171469588
1173667990
1174029938
1174542001
1176944051
1178431237
1180215242
1180411492
1182793007
1184498888
1186577906
1187817648
1189671324
1191614854
1196673798
1197866000
1199922758
1202663770
1211720658
1216108608
1219875848
1226175415
1226468000
1229650054
1230344454
1230974957
1234052173
1234842659
1237402448
1240175327
1241461023
1242948257
1245988637
1246755534
1247197298
1247734131
1250370964
1267081192
1271194106
1272687669
1275652752
1276691142
1278418667
1279457742
1279662905
1279676002
1282001415
1283492060
1285721849
1287993362
1292540251
1293002545
1297745218
1300032167
1301069437
1301410358
1302645172
1304724189
1306728780
1307396489
1307739242
1309672764
1311623319
1313684960
1316254024
1317710404
1319841502
1320745150
1320889566
1325140211
1326172712
1326645314
1327348208
1332636224
1333592593
1334021275
1338431106
1339840893
1340337882
1340492347
1341171942
1342557124
1344879870
1347501579
1356157012
1357976229
1359240156
1360809885
1363377036
1367849628
1369776671
1372115768
1373533237
1373811312
1376265273
1379820040
1380549232
1382072583
1384144278
1386601206
1386701810
1386780016
1387468052
1392215796
1394368492
1398477141
1400059807
1401489276
1404770201
1409989571
1414340439
1416225853
1417296323
1417795325
1417980912
1421990466
1422267774
1427082008
1428851426
1430938969
1433359424
1434674823
1434886485
1435375660
1440519715
1441340966
1443848053
1446325876
1446637590
1447945150
1448363583
1450945754
1452140797
1452584417
1452953641
1453177934
1453373225
1454353210
1462253814
1463406278
1463458293
1467027382
1467094159
1467447339
1467493745
1471423554
1474104190
1475403040
1477465584
1478255353
1478534001
1479407514
1481441528
1486520410
1487525432
1489668202
1489678388
1490817022
1494031341
1495445641
1495574630
1500522988
1501496838
1501846284
1502969747
1503778805
1507243588
1510259860
1512151953
1516001270
1516730921
1518701349
1525241662
1527945573
1532129357
1534814498
1535627201
1536291202
1539474693
1541843975
1542357514
1544269998
1545074110
1548209772
1551033255
1551767009
1559579753
1560803560
1564041488
1565382383
1566972425
1568155586
1569169101
1574900379
1574916676
1575094756
1576445169
1577228502
1577293677
1578429202
1588983167
1589269646
1594680784
1597993411
1601729743
1602449527
1604021338
1604689610
1606265560
1606476441
1607763624
1608657294
1609502750
1610766209
1611892730
1612673632
1613264421
1614863885
1615055403
1616681661
1623638480
1625888454
1628206518
1629819324
1630156011
1631374954
1633925319
1634723629
1635748900
1636264469
1637283792
1642365762
1647734335
1648900938
1653564914
1655226560
1660405562
1661104858
1664544444
1666076677
1668556260
1671170071
1671508979
1674655546
1675784074
1676237992
1678385478
1683503147
1687139779
1687295725
1687301569
1687983909
1689130537
1689648073
1690904986
1691124972
1692133613
1692146240
1693170750
1695430863
1695960479
1701365352
1702150084
1702622960
1702644195
1703179839
1704578684
1709434200
1714118206
1716991478
1718479447
1721110718
1721561178
1723869751
1725012491
1725103173
1725247477
1725466848
1725953556
1726547305
1731025196
1735601973
1737608834
1738634499
1739120841
1741276462
1744525971
1747536755
1750964091
1753152385
1754039131
1756815445
1757184771
1757272267
1759235409
1761221140
1763262796
1764106244
1772160356
1774787050
1775416609
1775771422
1776620177
1778798433
1783801010
1787454154
1788415386
1789870535
1790335693
1798235835
1801078665
1805399228
1805413333
1805967127
1808072257
1810958238
1811705939
1814686953
1817360331
1821159730
1823507508
1823695295
1826959977
1836357239
1837714068
1838698540
1839348099
1839590206
1841246473
1841380598
1841776419
1843355013
1846777016
1847859180
1850404786
1852838081
1853337610
1854041078
1859660451
1864789971
1865623444
1868819604
1870513268
1870736247
1880559561
1880710203
1882347655
1883134626
1888098483
1889442606
1894046170
1896386096
1901281225
1902437537
1905058997
1910096665
1910263280
1915661784
1915747792
1916739492
1917973817
1918328530
1923954742
1924658389
1926216106
1927079458
1931799313
1933111291
1934279034
1935746908
1935828395
1941019195
1941327404
1945470327
1957389803
1963762683
1968344896
1969765658
1970017583
1972048172
1973233880
1973563158
1974171368
1977070961
1978666518
1979996354
1981175704
1981447606
1983314430
1984808256
1988275429
1993581966
1994196005
1995062666
1996559348
1996989375
1997940304
2009331530
2014296316
2015129867
2020986137
2022157557
2026106171
2027654743
2031206223
2031580144
2032783009
2032829073
2033131091
2037791359
2038203692
2039856122
2044416652
2044737549
2047250743
2048422662
2050983666
2056125644
2057839345
2057924042
2060276305
2060463830
2061533463
2064954817
2065051230
2065700787
2066459750
2067507847
2068667648
2068987739
2071784824
2073781494
2079085240
2082519416
2083623175
2083815282
2088491676
2091558740
2100932034
2107414634
2109233343
2109533736
2113429496
2116030759
2116252433
2116857365
2120325392
2123632042
2128087641
2128708271
2136729737
2136881246
2138313908
2139456758
2141432206
2145023907
2145404630
2146255665
