100
14972505
30524726
64120532
104675636
125158815
139840654
168796168
214693232
275391443
291680087
310755055
358540884
418347126
456107661
470884620
486052744
488127318
518652044
530816647
541175888
554384578
561102049
567071530
579463634
581597560
636184384
668095809
689870266
690313662
700056862
723180747
738542359
742435286
748493949
750886173
777732831
856641955
973619152
974759706
983831968
994615042
1001701267
1005262782
1022758164
1023885392
1027233445
1075709332
1100976170
1141541921
1156514426
1160754886
1200446534
1204389222
1205662453
1223705587
1246219091
1257792169
1279620823
1289811826
1321898920
1326150925
1326498046
1335061161
1338187565
1344804362
1360007616
1374458622
1375072477
1394361175
1398983376
1417744004
1473591576
1526748238
1539307575
1562998770
1574078677
1589151854
1591134823
1661991814
1673358591
1685827532
1713899830
1739276907
1743115314
1794604753
1817723514
1897042055
1906086966
1946886334
1947716632
1999341564
2024654886
2025374823
2071763526
2072875448
2077037098
2097639369
2115463991
2124100819
2137740447
