100
12946097
47586214
83665623
95444668
97686194
161349036
175859626
191383112
245822043
249239438
279053525
283246454
324870605
347422641
383850345
386026205
402216206
436870200
452933405
485883066
496244528
498829163
520994241
521141875
532299858
538805753
540374592
574687103
590366886
640458272
655401143
667096799
736036139
755294479
797807574
800047766
802504165
812942562
819701762
840985184
871689811
880196098
893672769
901167688
922753266
946690446
958815771
967134479
982883945
994276660
1023068140
1038347747
1056501965
1062066480
1085750619
1106951619
1133003382
1159249623
1168431400
1245920860
1309699454
1321189641
1339314612
1354496193
1358889527
1421582430
1437303972
1440563953
1459402693
1537057333
1550624348
1563034098
1577021323
1656462167
1699624215
1702191301
1752847418
1752880950
1804181873
1807662142
1835559140
1880131525
1888360487
1890237377
1894600523
1895545740
1952840554
1959297389
1965100598
1966876272
1976109725
1999347799
2002120388
2017399995
2032107614
2060545266
2061415887
2076983573
2089835565
2104922423
