1000
863781
6337666
7910446
8045180
8288587
10016328
11926839
12075732
15698525
16150638
20058008
20557329
23725700
25807229
28914711
29157828
32879496
34492896
36292820
37213643
37746572
40537049
41249228
43826825
47409431
50468284
51286733
54094919
54581687
57442899
60920650
62354590
65222715
65323345
69631347
71519771
73368525
73668078
74185639
74988344
75247886
77459231
78106925
78195491
79046644
80187359
84363653
85080878
86605624
92473993
93352929
93446549
96641163
97456860
98320641
101087153
102960327
103236313
103742863
107028960
107196102
107796069
117179799
118123218
120532461
120641629
121904221
124691395
125138341
125195039
126905599
128918170
130355978
130583927
131046204
132107644
134410384
139690559
147942775
149881854
150984422
155566157
158124576
158741536
160076282
162023865
164293719
165925434
167523712
168236769
169214608
170628622
178340687
180386894
181665531
183619633
186119365
186468535
187021652
188663908
190957319
191648056
191769601
191908220
193835234
199275912
201222926
204364831
205450412
205622341
205888256
212111993
212723044
214545027
215814467
217567292
218185643
220927429
221488040
223173164
228277024
229955794
231169366
233767668
233942552
235496778
236515868
238027142
239367766
239897698
239996784
241647319
245938611
245939426
247547228
247667242
248381128
249860458
253561039
253756203
253931213
254578907
254785777
255518404
260093869
268854025
270417788
272857485
274144329
278870354
280077005
283347221
285637771
286619743
290212108
291156417
292269262
292465482
293172139
293926359
295104460
296073754
296795561
297635776
302272809
302898433
309958137
317696295
317820353
319872886
321275113
321306089
323528536
324817677
326484723
329143865
329743864
333184474
333608663
336610803
339555995
346740197
348867246
350545424
350610067
351015516
351869348
352174825
354545365
355251038
355463237
355504734
359930988
362823536
365135125
365505806
368803151
369650141
373820398
374788060
380400571
380678979
380976824
383271228
384038909
384425038
384594456
388176725
394610380
395734365
396036916
398185377
400309915
405207296
405412986
406192637
406996928
407924429
408928384
414518456
414803881
414970390
416792554
418115331
418944712
421404243
426591681
426846617
433211089
433319013
434356110
434743784
441190952
448487341
451912059
451947698
452283492
452606193
452736189
458825554
459398354
460426022
463587045
463739433
467844568
469424680
469611833
470081732
475726378
480849020
481494815
483134535
483915292
485834579
493952955
497991356
499871279
505808247
506397970
507674411
510108117
517432682
518069137
521452912
521501601
522970707
524660083
530932018
533990013
535335781
540869459
540882296
542652274
543357104
546095639
548116511
549683367
553239146
553882353
554773022
556483114
563680424
563820463
575755023
576431408
578835959
580142782
580146373
588721287
593946324
598757281
600634068
600799169
602464864
605615181
605651613
607767620
608307589
608460321
610958027
612988451
613052299
613602459
613740595
614792575
616215249
616479347
618405467
622482981
625654486
626919792
627079256
627790293
628363339
630983241
631176517
632801653
634103992
634362737
634583023
637751266
638471423
645742322
648208600
648854101
650295196
656119046
657655370
658937659
663174706
667785693
668194779
668559132
674024823
676462477
679635123
680071182
682717741
683416422
684227477
685632804
689060166
691561962
697815066
698193320
699061731
700747334
701987625
702964263
703849977
707789997
716200997
716464098
717003946
717608735
717756393
721059365
723681459
727810696
727968196
728723038
731751865
734491243
735013975
743941848
746187834
747665410
748587384
749273655
756532961
757799803
759752661
760762954
761495202
764349286
767247609
769695392
770484186
772686419
776070670
779256886
783356450
783999021
784891069
785383523
787120975
791603755
792688574
799869113
805190405
805608118
806373027
807453502
808029912
810220945
810287083
811527077
811843047
813634455
813961979
815957526
819258777
820359448
824740142
824758794
825755241
831055604
832299415
838383594
838597772
841949888
849108461
853234038
857432257
860597317
864139606
869704944
871684032
872593375
872611855
872614502
872701664
877136500
877984282
880711073
881180241
886691483
889133402
891786736
892819034
897979728
898048740
902028601
902091681
902768054
903049725
906582732
913425553
923399921
924496246
925307334
926609051
931241287
939447750
940565030
940940546
945679277
947745412
952526877
953711725
954896712
959715549
960054955
961472435
961578364
962916608
965953119
967967916
974612056
974801975
975996603
977321572
983224385
984229640
988306220
988819697
989462114
990330372
994275068
1000555221
1003676710
1003716687
1005601005
1007348728
1007428629
1009289101
1010385189
1012399013
1014043074
1020772055
1024275870
1026464888
1027406736
1028767964
1029084291
1029479909
1029868169
1031154592
1031524992
1039798260
1040775660
1041476687
1043190614
1043523722
1046336502
1047280261
1048715348
1052764378
1056271212
1059956781
1065162958
1067803898
1068821443
1069015579
1073121270
1073500118
1074559377
1074687713
1076702626
1076926025
1077193480
1078057261
1079366408
1079525986
1082756083
1087758404
1089079131
1089813656
1094453190
1094539869
1094697633
1096598005
1097177821
1101124237
1104683653
1112711777
1112742102
1116240617
1122019763
1123766679
1123937648
1125504976
1126225400
1127326027
1128018734
1129007632
1130780721
1135371207
1136213892
1137331358
1139429724
1140888706
1143287438
1148637079
1159147938
1160257103
1161780306
1163390285
1166388472
1166480655
1168716430
1170698175
1175662396
1175949976
1176119065
1176377902
1177639826
1181370204
1183206692
1183969505
1185002389
1188716196
1189038641
1191428229
1193313612
1195806423
1197477801
1197933946
1198331605
1200098586
1201122560
1201316274
1204373923
1206564369
1208739732
1210632477
1213931966
1214428334
1214505519
1217290577
1222739464
1222811349
1226545434
1227309122
1230228070
1231807645
1236658388
1238689664
1239667496
1239871059
1241645661
1243287168
1249091970
1254722582
1258333044
1258621169
1261040261
1268383205
1270436124
1270713106
1271483638
1271989922
1282332412
1286814811
1290981578
1296320200
1301233184
1302834865
1304235384
1304830899
1305429915
1306509471
1308626882
1309632433
1317961494
1318571162
1319048157
1320326331
1327944010
1327990434
1329239578
1329552614
1330735615
1333270001
1337124164
1338149567
1341894372
1342835334
1343409150
1350785998
1356859247
1357900927
1357939863
1359603455
1360199957
1365769380
1369866702
1371934137
1372051696
1379066016
1381509039
1385732364
1388101748
1399172537
1403788990
1405440405
1408732495
1410205473
1411555163
1412028000
1412806874
1415359102
1418931000
1420127861
1421252720
1422483499
1425729081
1426244259
1427308815
1428685007
1428959114
1431923582
1436689063
1437523464
1439314189
1440398078
1441166331
1441566384
1442373418
1444035207
1450519992
1454886909
1456214006
1458431530
1458535585
1461564503
1463553248
1463941348
1471686482
1472155166
1472690219
1473550802
1473765128
1476134860
1476167646
1477136686
1482101020
1483087630
1485240492
1485626535
1486094976
1486352451
1487564262
1488590117
1490090317
1490431998
1503517707
1505616373
1506410347
1506562105
1511350780
1511387660
1511483148
1516333211
1517350687
1518231350
1524176820
1526325725
1526495401
1530034342
1535495986
1536452221
1536463531
1536527225
1537247489
1538478752
1540990242
1541275958
1547354153
1550479177
1554594925
1556424828
1557567426
1557603177
1563815505
1565601716
1568916696
1569142614
1574460886
1574558993
1574791442
1576869834
1577878372
1579483948
1585036945
1593638471
1594322293
1600511364
1602929203
1603165315
1603620599
1609407904
1610020818
1618222195
1619368456
1621035219
1621903055
1632367163
1635343593
1639467850
1639828146
1640617716
1640663579
1642199312
1644608218
1645784267
1653652866
1654454193
1657707442
1661251368
1668026838
1670932018
1674698979
1675814339
1676109531
1676216180
1678521581
1681849238
1683448744
1684013698
1684410012
1686402007
1691058349
1692303254
1695051453
1695549339
1695570660
1698765059
1699642685
1699789706
1702240108
1706033956
1708254749
1709527602
1715916813
1716646580
1717845612
1722656073
1722868319
1733011292
1733045072
1735902933
1736924710
1741438942
1741927848
1746269030
1751969205
1753997501
1754229348
1758486995
1770593571
1772963207
1781120103
1789695300
1790324455
1791810139
1792636339
1792726711
1792744636
1794069605
1794923886
1796479430
1799088884
1801647309
1805381251
1805575084
1809541013
1810437859
1813571771
1815074158
1815370399
1817047327
1817601908
1817667236
1819199534
1820302755
1821642276
1821708065
1826098035
1826744927
1830389446
1832033212
1833406691
1833635256
1835125332
1835182923
1835245351
1835776711
1836685833
1839605633
1843937986
1847200556
1850829907
1855086521
1860121368
1860342449
1861933704
1861971404
1863832070
1867247951
1871935503
1874763728
1874777473
1874870977
1875522441
1880431935
1883771047
1883996867
1884280354
1891479303
1903660270
1905138116
1907337841
1918268469
1920905983
1922863736
1925223631
1925357754
1926995603
1927217568
1927982992
1928053053
1929781069
1931476600
1932915302
1937956690
1939932684
1941329716
1943516149
1945136756
1948081780
1948387778
1952679165
1953318175
1954361118
1955130485
1958888064
1959324111
1965788594
1966444135
1966949938
1971011666
1973475670
1975573260
1976620883
1978084452
1980087452
1980306635
1980380223
1984932668
1985537488
1989577623
1991405817
1992289682
1993361247
1995374653
1996360144
1997611734
1999231675
1999915814
2005092057
2005433419
2005890525
2011800411
2015408835
2020458034
2022730232
2024787817
2026235617
2026444907
2028004872
2029201380
2030526423
2032080854
2033072426
2033772619
2037760043
2037892983
2039613651
2042579725
2042811038
2043346850
2043911243
2044564538
2045905057
2046616807
2049371763
2052730264
2052774153
2053101300
2053257384
2053469469
2053585137
2055040744
2055529227
2059280714
2059434238
2061428664
2061792809
2062484911
2066164740
2066423502
2066790430
2072390870
2075584876
2076782695
2078265268
2079254311
2079579269
2080587132
2081801934
2081911774
2084251605
2084726655
2085232206
2087346363
2087500518
2088079782
2088743963
2091720260
2094631573
2096521206
2096888190
2097718576
2103176550
2103545303
2107873130
2108102836
2109092566
2109683670
2112675584
2113399762
2114642670
2116956496
2117215209
2122418205
2123216484
2124568711
2126528324
2131790294
2131960040
2132011172
2132814651
2134288310
2134534146
2135487589
2136056172
2138494664
2143909075
2145151142
